0.238	2.04723e-306	-1.58594
0.239	2.04723e-306	-1.586
0.24	2.04723e-306	-1.58607
0.241	2.04723e-306	-1.58613
0.242	2.04723e-306	-1.5862
0.243	2.04723e-306	-1.58626
0.244	2.04723e-306	-1.58633
0.245	2.04723e-306	-1.58639
0.246	2.04723e-306	-1.58645
0.247	2.04723e-306	-1.58652
0.248	2.04723e-306	-1.58658
0.249	2.04723e-306	-1.58665
0.25	2.04723e-306	-1.58671
0.251	2.04723e-306	-1.58678
0.252	2.04723e-306	-1.58684
0.253	2.04723e-306	-1.5869
0.254	2.04723e-306	-1.58697
0.255	2.04723e-306	-1.58703
0.256	2.04723e-306	-1.5871
0.257	2.04723e-306	-1.58716
0.258	2.04723e-306	-1.58723
0.259	2.04723e-306	-1.58729
0.26	2.04723e-306	-1.58736
0.261	2.04723e-306	-1.58742
0.262	2.04723e-306	-1.58748
0.263	2.04723e-306	-1.58755
0.264	2.04723e-306	-1.58761
0.265	2.04723e-306	-1.58768
0.266	2.04723e-306	-1.58774
0.267	2.04723e-306	-1.58781
0.268	2.04723e-306	-1.58787
0.269	2.04723e-306	-1.58794
0.27	2.04723e-306	-1.588
0.271	2.04723e-306	-1.58806
0.272	2.04723e-306	-1.58813
0.273	2.04723e-306	-1.58819
0.274	2.04723e-306	-1.58826
0.275	2.04723e-306	-1.58832
0.276	2.04723e-306	-1.58839
0.277	2.04723e-306	-1.58845
0.278	2.04723e-306	-1.58852
0.279	2.04723e-306	-1.58858
0.28	2.04723e-306	-1.58865
0.281	2.04723e-306	-1.58871
0.282	2.04723e-306	-1.58877
0.283	2.04723e-306	-1.58884
0.284	2.04723e-306	-1.5889
0.285	2.04723e-306	-1.58897
0.286	2.04723e-306	-1.58903
0.287	2.04723e-306	-1.5891
0.288	2.04723e-306	-1.58916
0.289	2.04723e-306	-1.58923
0.29	2.04723e-306	-1.58929
0.291	2.04723e-306	-1.58936
0.292	2.04723e-306	-1.58942
0.293	2.04723e-306	-1.58948
0.294	2.04723e-306	-1.58955
0.295	2.04723e-306	-1.58961
0.296	2.04723e-306	-1.58968
0.297	2.04723e-306	-1.58974
0.298	2.04723e-306	-1.58981
0.299	2.04723e-306	-1.58987
0.3	2.04723e-306	-1.58994
0.301	2.04723e-306	-1.59
0.302	2.04723e-306	-1.59007
0.303	2.04723e-306	-1.59013
0.304	2.04723e-306	-1.5902
0.305	2.04723e-306	-1.59026
0.306	2.04723e-306	-1.59033
0.307	2.04723e-306	-1.59039
0.308	2.04723e-306	-1.59045
0.309	2.04723e-306	-1.59052
0.31	2.04723e-306	-1.59058
0.311	2.04723e-306	-1.59065
0.312	2.04723e-306	-1.59071
0.313	2.04723e-306	-1.59078
0.314	2.04723e-306	-1.59084
0.315	2.04723e-306	-1.59091
0.316	2.04723e-306	-1.59097
0.317	2.04723e-306	-1.59104
0.318	2.04723e-306	-1.5911
0.319	2.04723e-306	-1.59117
0.32	2.04723e-306	-1.59123
0.321	2.04723e-306	-1.5913
0.322	2.04723e-306	-1.59136
0.323	2.04723e-306	-1.59143
0.324	2.04723e-306	-1.59149
0.325	2.04723e-306	-1.59156
0.326	2.04723e-306	-1.59162
0.327	2.04723e-306	-1.59169
0.328	2.04723e-306	-1.59175
0.329	2.04723e-306	-1.59181
0.33	2.04723e-306	-1.59188
0.331	2.04723e-306	-1.59194
0.332	2.04723e-306	-1.59201
0.333	2.04723e-306	-1.59207
0.334	2.04723e-306	-1.59214
0.335	2.04723e-306	-1.5922
0.336	2.04723e-306	-1.59227
0.337	2.04723e-306	-1.59233
0.338	2.04723e-306	-1.5924
0.339	2.04723e-306	-1.59246
0.34	2.04723e-306	-1.59253
0.341	2.04723e-306	-1.59259
0.342	2.04723e-306	-1.59266
0.343	2.04723e-306	-1.59272
0.344	2.04723e-306	-1.59279
0.345	2.04723e-306	-1.59285
0.346	2.04723e-306	-1.59292
0.347	2.04723e-306	-1.59298
0.348	2.04723e-306	-1.59305
0.349	2.04723e-306	-1.59311
0.35	2.04723e-306	-1.59318
0.351	2.04723e-306	-1.59324
0.352	2.04723e-306	-1.59331
0.353	2.04723e-306	-1.59337
0.354	2.04723e-306	-1.59344
0.355	2.04723e-306	-1.5935
0.356	2.04723e-306	-1.59357
0.357	2.04723e-306	-1.59363
0.358	2.04723e-306	-1.5937
0.359	2.04723e-306	-1.59376
0.36	2.04723e-306	-1.59383
0.361	2.04723e-306	-1.59389
0.362	2.04723e-306	-1.59396
0.363	2.04723e-306	-1.59402
0.364	2.04723e-306	-1.59409
0.365	2.04723e-306	-1.59415
0.366	2.04723e-306	-1.59422
0.367	2.04723e-306	-1.59428
0.368	2.04723e-306	-1.59435
0.369	2.04723e-306	-1.59441
0.37	2.04723e-306	-1.59448
0.371	2.04723e-306	-1.59454
0.372	2.04723e-306	-1.59461
0.373	2.04723e-306	-1.59467
0.374	2.04723e-306	-1.59474
0.375	2.04723e-306	-1.59481
0.376	2.04723e-306	-1.59487
0.377	2.04723e-306	-1.59494
0.378	2.04723e-306	-1.595
0.379	2.04723e-306	-1.59507
0.38	2.04723e-306	-1.59513
0.381	2.04723e-306	-1.5952
0.382	2.04723e-306	-1.59526
0.383	2.04723e-306	-1.59533
0.384	2.04723e-306	-1.59539
0.385	2.04723e-306	-1.59546
0.386	2.04723e-306	-1.59552
0.387	2.04723e-306	-1.59559
0.388	2.04723e-306	-1.59565
0.389	2.04723e-306	-1.59572
0.39	2.04723e-306	-1.59578
0.391	2.04723e-306	-1.59585
0.392	2.04723e-306	-1.59591
0.393	2.04723e-306	-1.59598
0.394	2.04723e-306	-1.59604
0.395	2.04723e-306	-1.59611
0.396	2.04723e-306	-1.59617
0.397	2.04723e-306	-1.59624
0.398	2.04723e-306	-1.5963
0.399	2.04723e-306	-1.59637
0.4	2.04723e-306	-1.59643
0.401	2.04723e-306	-1.5965
0.402	2.04723e-306	-1.59656
0.403	2.04723e-306	-1.59663
0.404	2.04723e-306	-1.59669
0.405	2.04723e-306	-1.59676
0.406	2.04723e-306	-1.59683
0.407	2.04723e-306	-1.59689
0.408	2.04723e-306	-1.59696
0.409	2.04723e-306	-1.59702
0.41	2.04723e-306	-1.59709
0.411	2.04723e-306	-1.59715
0.412	2.04723e-306	-1.59722
0.413	2.04723e-306	-1.59728
0.414	2.04723e-306	-1.59735
0.415	2.04723e-306	-1.59741
0.416	2.04723e-306	-1.59748
0.417	2.04723e-306	-1.59754
0.418	2.04723e-306	-1.59761
0.419	2.04723e-306	-1.59767
0.42	2.04723e-306	-1.59774
0.421	2.04723e-306	-1.5978
0.422	2.04723e-306	-1.59787
0.423	2.04723e-306	-1.59794
0.424	2.04723e-306	-1.598
0.425	2.04723e-306	-1.59807
0.426	2.04723e-306	-1.59813
0.427	2.04723e-306	-1.5982
0.428	2.04723e-306	-1.59826
0.429	2.04723e-306	-1.59833
0.43	2.04723e-306	-1.59839
0.431	2.04723e-306	-1.59846
0.432	2.04723e-306	-1.59852
0.433	2.04723e-306	-1.59859
0.434	2.04723e-306	-1.59865
0.435	2.04723e-306	-1.59872
0.436	2.04723e-306	-1.59879
0.437	2.04723e-306	-1.59885
0.438	2.04723e-306	-1.59892
0.439	2.04723e-306	-1.59898
0.44	2.04723e-306	-1.59905
0.441	2.04723e-306	-1.59911
0.442	2.04723e-306	-1.59918
0.443	2.04723e-306	-1.59924
0.444	2.04723e-306	-1.59931
0.445	2.04723e-306	-1.59938
0.446	2.04723e-306	-1.59944
0.447	2.04723e-306	-1.59951
0.448	2.04723e-306	-1.59957
0.449	2.04723e-306	-1.59964
0.45	2.04723e-306	-1.5997
0.451	2.04723e-306	-1.59977
0.452	2.04723e-306	-1.59983
0.453	2.04723e-306	-1.5999
0.454	2.04723e-306	-1.59997
0.455	2.04723e-306	-1.60003
0.456	2.04723e-306	-1.6001
0.457	2.04723e-306	-1.60016
0.458	2.04723e-306	-1.60023
0.459	2.04723e-306	-1.60029
0.46	2.04723e-306	-1.60036
0.461	2.04723e-306	-1.60042
0.462	2.04723e-306	-1.60049
0.463	2.04723e-306	-1.60056
0.464	2.04723e-306	-1.60062
0.465	2.04723e-306	-1.60069
0.466	2.04723e-306	-1.60075
0.467	2.04723e-306	-1.60082
0.468	2.04723e-306	-1.60088
0.469	2.04723e-306	-1.60095
0.47	2.04723e-306	-1.60102
0.471	2.04723e-306	-1.60108
0.472	2.04723e-306	-1.60115
0.473	2.04723e-306	-1.60121
0.474	2.04723e-306	-1.60128
0.475	2.04723e-306	-1.60134
0.476	2.04723e-306	-1.60141
0.477	2.04723e-306	-1.60148
0.478	2.04723e-306	-1.60154
0.479	2.04723e-306	-1.60161
0.48	2.04723e-306	-1.60167
0.481	2.04723e-306	-1.60174
0.482	2.04723e-306	-1.6018
0.483	2.04723e-306	-1.60187
0.484	2.04723e-306	-1.60194
0.485	2.04723e-306	-1.602
0.486	2.04723e-306	-1.60207
0.487	2.04723e-306	-1.60213
0.488	2.04723e-306	-1.6022
0.489	2.04723e-306	-1.60226
0.49	2.04723e-306	-1.60233
0.491	2.04723e-306	-1.6024
0.492	2.04723e-306	-1.60246
0.493	2.04723e-306	-1.60253
0.494	2.04723e-306	-1.60259
0.495	2.04723e-306	-1.60266
0.496	2.04723e-306	-1.60273
0.497	2.04723e-306	-1.60279
0.498	2.04723e-306	-1.60286
0.499	2.04723e-306	-1.60292
0.5	2.04723e-306	-1.60299
0.501	2.04723e-306	-1.60305
0.502	2.04723e-306	-1.60312
0.503	2.04723e-306	-1.60319
0.504	2.04723e-306	-1.60325
0.505	2.04723e-306	-1.60332
0.506	2.04723e-306	-1.60338
0.507	2.04723e-306	-1.60345
0.508	2.04723e-306	-1.60352
0.509	2.04723e-306	-1.60358
0.51	2.04723e-306	-1.60365
0.511	2.04723e-306	-1.60371
0.512	2.04723e-306	-1.60378
0.513	2.04723e-306	-1.60385
0.514	2.04723e-306	-1.60391
0.515	2.04723e-306	-1.60398
0.516	2.04723e-306	-1.60404
0.517	2.04723e-306	-1.60411
0.518	2.04723e-306	-1.60417
0.519	2.04723e-306	-1.60424
0.52	2.04723e-306	-1.60431
0.521	2.04723e-306	-1.60437
0.522	2.04723e-306	-1.60444
0.523	2.04723e-306	-1.6045
0.524	2.04723e-306	-1.60457
0.525	2.04723e-306	-1.60464
0.526	2.04723e-306	-1.6047
0.527	2.04723e-306	-1.60477
0.528	2.04723e-306	-1.60483
0.529	2.04723e-306	-1.6049
0.53	2.04723e-306	-1.60497
0.531	2.04723e-306	-1.60503
0.532	2.04723e-306	-1.6051
0.533	2.04723e-306	-1.60516
0.534	2.04723e-306	-1.60523
0.535	2.04723e-306	-1.6053
0.536	2.04723e-306	-1.60536
0.537	2.04723e-306	-1.60543
0.538	2.04723e-306	-1.60549
0.539	2.04723e-306	-1.60556
0.54	2.04723e-306	-1.60563
0.541	2.04723e-306	-1.60569
0.542	2.04723e-306	-1.60576
0.543	2.04723e-306	-1.60583
0.544	2.04723e-306	-1.60589
0.545	2.04723e-306	-1.60596
0.546	2.04723e-306	-1.60602
0.547	2.04723e-306	-1.60609
0.548	2.04723e-306	-1.60616
0.549	2.04723e-306	-1.60622
0.55	2.04723e-306	-1.60629
0.551	2.04723e-306	-1.60635
0.552	2.04723e-306	-1.60642
0.553	2.04723e-306	-1.60649
0.554	2.04723e-306	-1.60655
0.555	2.04723e-306	-1.60662
0.556	2.04723e-306	-1.60668
0.557	2.04723e-306	-1.60675
0.558	2.04723e-306	-1.60682
0.559	2.04723e-306	-1.60688
0.56	2.04723e-306	-1.60695
0.561	2.04723e-306	-1.60702
0.562	2.04723e-306	-1.60708
0.563	2.04723e-306	-1.60715
0.564	2.04723e-306	-1.60721
0.565	2.04723e-306	-1.60728
0.566	2.04723e-306	-1.60735
0.567	2.04723e-306	-1.60741
0.568	2.04723e-306	-1.60748
0.569	2.04723e-306	-1.60755
0.57	2.04723e-306	-1.60761
0.571	2.04723e-306	-1.60768
0.572	2.04723e-306	-1.60774
0.573	2.04723e-306	-1.60781
0.574	2.04723e-306	-1.60788
0.575	2.04723e-306	-1.60794
0.576	2.04723e-306	-1.60801
0.577	2.04723e-306	-1.60808
0.578	2.04723e-306	-1.60814
0.579	2.04723e-306	-1.60821
0.58	2.04723e-306	-1.60827
0.581	2.04723e-306	-1.60834
0.582	2.04723e-306	-1.60841
0.583	2.04723e-306	-1.60847
0.584	2.04723e-306	-1.60854
0.585	2.04723e-306	-1.60861
0.586	2.04723e-306	-1.60867
0.587	2.04723e-306	-1.60874
0.588	2.04723e-306	-1.60881
0.589	2.04723e-306	-1.60887
0.59	2.04723e-306	-1.60894
0.591	2.04723e-306	-1.609
0.592	2.04723e-306	-1.60907
0.593	2.04723e-306	-1.60914
0.594	2.04723e-306	-1.6092
0.595	2.04723e-306	-1.60927
0.596	2.04723e-306	-1.60934
0.597	2.04723e-306	-1.6094
0.598	2.04723e-306	-1.60947
0.599	2.04723e-306	-1.60954
0.6	2.04723e-306	-1.6096
0.601	2.04723e-306	-1.60967
0.602	2.04723e-306	-1.60973
0.603	2.04723e-306	-1.6098
0.604	2.04723e-306	-1.60987
0.605	2.04723e-306	-1.60993
0.606	2.04723e-306	-1.61
0.607	2.04723e-306	-1.61007
0.608	2.04723e-306	-1.61013
0.609	2.04723e-306	-1.6102
0.61	2.04723e-306	-1.61027
0.611	2.04723e-306	-1.61033
0.612	2.04723e-306	-1.6104
0.613	2.04723e-306	-1.61047
0.614	2.04723e-306	-1.61053
0.615	2.04723e-306	-1.6106
0.616	2.04723e-306	-1.61066
0.617	2.04723e-306	-1.61073
0.618	2.04723e-306	-1.6108
0.619	2.04723e-306	-1.61086
0.62	2.04723e-306	-1.61093
0.621	2.04723e-306	-1.611
0.622	2.04723e-306	-1.61106
0.623	2.04723e-306	-1.61113
0.624	2.04723e-306	-1.6112
0.625	2.04723e-306	-1.61126
0.626	2.04723e-306	-1.61133
0.627	2.04723e-306	-1.6114
0.628	2.04723e-306	-1.61146
0.629	2.04723e-306	-1.61153
0.63	2.04723e-306	-1.6116
0.631	2.04723e-306	-1.61166
0.632	2.04723e-306	-1.61173
0.633	2.04723e-306	-1.6118
0.634	2.04723e-306	-1.61186
0.635	2.04723e-306	-1.61193
0.636	2.04723e-306	-1.612
0.637	2.04723e-306	-1.61206
0.638	2.04723e-306	-1.61213
0.639	2.04723e-306	-1.6122
0.64	2.04723e-306	-1.61226
0.641	2.04723e-306	-1.61233
0.642	2.04723e-306	-1.6124
0.643	2.04723e-306	-1.61246
0.176	-0.517485	-0.517485
0.177	-0.517449	-0.517449
0.178	-0.517414	-0.517412
0.179	-0.517379	-0.75495
0.18	-0.517346	-0.990895
0.181	-0.517313	-0.946031
0.182	-0.517282	-0.841648
0.183	-0.517251	-0.710193
0.184	-0.517221	-1.02651
0.185	-0.517192	-1.38985
0.186	-0.517163	-1.64356
0.187	-0.517136	-1.8658
0.188	-0.51711	-2.02116
0.189	-0.517084	-2.16736
0.19	-0.517059	-2.25036
0.191	-0.517035	-2.34332
0.192	-0.517012	-2.4077
0.193	-0.51699	-2.50087
0.194	-0.516968	-2.56841
0.195	-0.516948	-2.61928
0.196	-0.516928	-2.66063
0.197	-0.516909	-2.70013
0.198	-0.516891	-2.73866
0.199	-0.516874	-2.73476
0.2	-0.516857	-2.67074
0.201	-0.516842	-2.67611
0.202	-0.516827	-2.76673
0.203	-0.516814	-2.78247
0.204	-0.516801	-2.73938
0.205	-0.516789	-2.37388
0.206	-0.516777	-2.03297
0.207	-0.516767	-1.76836
0.208	-0.516757	-1.87387
0.209	-0.516749	-1.96658
0.21	-0.516741	-2.00798
0.211	-0.516734	-2.04147
0.212	-0.516727	-2.09986
0.213	-0.516722	-2.16099
0.214	-0.516717	-2.26273
0.215	-0.516714	-2.31155
0.216	-0.516711	-2.34782
0.217	-0.516709	-2.06455
0.218	-0.516708	-1.75011
0.219	-0.516707	-1.88507
0.22	-0.516708	-1.65909
0.221	-0.516709	-1.43165
0.222	-0.516711	-1.19163
0.223	-0.516714	-1.05721
0.224	-0.516718	-1.03604
0.225	-0.516722	-0.860533
0.226	-0.516728	-0.84752
0.227	-0.516734	-0.622256
0.228	-0.516741	-0.417598
0.229	-0.516749	-0.345388
0.23	-0.516758	-0.3393
0.231	-0.516767	-0.334566
0.232	-0.516778	-0.322826
0.233	-0.516789	-0.280234
0.234	-0.516801	-0.335188
0.235	-0.516814	-0.398676
0.236	-0.516827	-0.439051
0.237	-0.516842	-0.793497
0.238	-0.516857	-1.10286
0.239	-0.516873	-1.44149
0.24	-0.51689	-1.3349
0.241	-0.516908	-1.20607
0.242	-0.516926	-1.05742
0.243	-0.516946	-0.951517
0.244	-0.516966	-0.882014
0.245	-0.516987	-0.758466
0.246	-0.517008	-0.486807
0.247	-0.517031	-0.409905
0.248	-0.517054	-0.321083
0.249	-0.517079	-0.22861
0.25	-0.517104	-0.571373
0.251	-0.517129	-0.89705
0.252	-0.517156	-1.18781
0.253	-0.517183	-1.4132
0.254	-0.517212	-1.64812
0.255	-0.517241	-1.84762
0.256	-0.51727	-1.99397
0.257	-0.517301	-2.06422
0.258	-0.517332	-2.13553
0.259	-0.517365	-2.29638
0.26	-0.517398	-2.34602
0.261	-0.517431	-2.4326
0.262	-0.517466	-2.49681
0.263	-0.517501	-2.53071
0.264	-0.517538	-2.52952
0.265	-0.517575	-2.53709
0.266	-0.517612	-2.24866
0.267	-0.517651	-1.91295
0.268	-0.51769	-1.64851
0.269	-0.51773	-1.40515
0.27	-0.517771	-1.2895
0.271	-0.517813	-1.16509
0.272	-0.517855	-0.947479
0.273	-0.517899	-0.705064
0.274	-0.517943	-0.492139
0.275	-0.517988	-0.356916
0.276	-0.518033	-0.283561
0.277	-0.51808	-0.283557
0.278	-0.518127	-0.300548
0.279	-0.518175	-0.309642
0.28	-0.518224	-0.30805
0.281	-0.518273	-0.295173
0.282	-0.518324	-0.218671
0.283	-0.518375	-0.243287
0.284	-0.518426	-0.321796
0.285	-0.518479	-0.396072
0.286	-0.518533	-0.776348
0.287	-0.518587	-1.08826
0.288	-0.518642	-0.840579
0.289	-0.518697	-0.671775
0.29	-0.518754	-1.09712
0.291	-0.518811	-1.18214
0.292	-0.518869	-1.00995
0.293	-0.518928	-1.11946
0.294	-0.518988	-1.35663
0.295	-0.519048	-1.60962
0.296	-0.519109	-1.78649
0.297	-0.519171	-2.01112
0.298	-0.519234	-2.16667
0.299	-0.519297	-1.97946
0.3	-0.519361	-1.7876
0.301	-0.519426	-1.55762
0.302	-0.519492	-1.29628
0.303	-0.519559	-1.46505
0.304	-0.519626	-1.71856
0.305	-0.519694	-1.85074
0.306	-0.519762	-1.95099
0.307	-0.519832	-2.08786
0.308	-0.519902	-2.14916
0.309	-0.519973	-2.24443
0.31	-0.520045	-2.30557
0.311	-0.520118	-2.35152
0.312	-0.520191	-2.35967
0.313	-0.520265	-2.35269
0.314	-0.52034	-2.3667
0.315	-0.520415	-2.44318
0.316	-0.520491	-2.56754
0.317	-0.520568	-2.6224
0.318	-0.520646	-2.73925
0.319	-0.520725	-2.74442
0.32	-0.520804	-2.77963
0.321	-0.520884	-2.49143
0.322	-0.520965	-2.27711
0.323	-0.521046	-2.06549
0.324	-0.521129	-1.8848
0.325	-0.521212	-1.69497
0.326	-0.521295	-1.46421
0.327	-0.52138	-1.29332
0.328	-0.521465	-1.38995
0.329	-0.521551	-1.11705
0.33	-0.521638	-0.95083
0.331	-0.521725	-0.814616
0.332	-0.521813	-0.683188
0.333	-0.521902	-0.592644
0.334	-0.521992	-0.522987
0.335	-0.522082	-0.445933
0.336	-0.522173	-0.410694
0.337	-0.522265	-0.732995
0.338	-0.522357	-0.63239
0.339	-0.522451	-0.919527
0.34	-0.522545	-0.795999
0.341	-0.522639	-1.05592
0.342	-0.522735	-0.952356
0.343	-0.522831	-1.22738
0.344	-0.522928	-1.30136
0.345	-0.523026	-1.5277
0.346	-0.523124	-1.76145
0.347	-0.523223	-1.85367
0.348	-0.523323	-1.86482
0.349	-0.523424	-1.93198
0.35	-0.523525	-1.96295
0.351	-0.523627	-2.10085
0.352	-0.523729	-2.21371
0.353	-0.523833	-2.29975
0.354	-0.523937	-2.32237
0.355	-0.524042	-2.26931
0.356	-0.524147	-2.22931
0.357	-0.524254	-1.9714
0.358	-0.524361	-1.67066
0.359	-0.524468	-1.5255
0.36	-0.524577	-1.29807
0.361	-0.524686	-1.12751
0.362	-0.524796	-0.90762
0.363	-0.524906	-0.730699
0.364	-0.525018	-0.596065
0.365	-0.525129	-0.820004
0.366	-0.525242	-1.1548
0.367	-0.525356	-1.45281
0.368	-0.52547	-1.72653
0.369	-0.525584	-1.80122
0.37	-0.5257	-1.96706
0.371	-0.525816	-2.03145
0.372	-0.525933	-1.74274
0.373	-0.526051	-1.4622
0.374	-0.526169	-1.22684
0.375	-0.526288	-1.00802
0.376	-0.526408	-0.802982
0.377	-0.526528	-0.710622
0.378	-0.526649	-0.609221
0.379	-0.526771	-0.503209
0.38	-0.526893	-0.543329
0.381	-0.527016	-0.568161
0.382	-0.52714	-0.43918
0.383	-0.527265	-0.390036
0.384	-0.52739	-0.324052
0.385	-0.527516	-0.242996
0.386	-0.527643	-0.317186
0.387	-0.52777	-0.361805
0.388	-0.527898	-0.338405
0.389	-0.528027	-0.244112
0.39	-0.528156	-0.143373
0.391	-0.528286	-0.0421242
0.392	-0.528417	-0.149985
0.393	-0.528548	-0.160165
0.394	-0.52868	-0.0644885
0.395	-0.528813	-0.0725998
0.396	-0.528947	-0.36814
0.397	-0.529081	-0.318153
0.398	-0.529216	-0.182981
0.399	-0.529351	-0.210205
0.4	-0.529487	-0.250063
0.401	-0.529624	-0.254897
0.402	-0.529762	-0.379464
0.403	-0.5299	-0.716848
0.404	-0.530039	-0.925038
0.405	-0.530179	-1.02244
0.406	-0.530319	-1.19469
0.407	-0.53046	-1.0641
0.408	-0.530601	-1.03334
0.409	-0.530744	-1.20696
0.41	-0.530887	-1.33829
0.411	-0.53103	-1.5461
0.412	-0.531174	-1.70287
0.413	-0.531319	-1.47768
0.414	-0.531465	-1.13392
0.415	-0.531611	-1.55864
0.416	-0.531758	-1.84115
0.417	-0.531906	-2.03216
0.418	-0.532054	-2.11668
0.419	-0.532203	-2.15032
0.42	-0.532353	-2.16311
0.421	-0.532503	-2.19741
0.422	-0.532654	-2.20476
0.423	-0.532805	-2.20799
0.424	-0.532958	-2.29059
0.425	-0.53311	-2.31248
0.426	-0.533264	-2.29377
0.427	-0.533418	-2.37281
0.428	-0.533573	-2.46957
0.429	-0.533729	-2.53986
0.43	-0.533885	-2.6172
0.431	-0.534041	-2.44952
0.432	-0.534199	-2.28324
0.433	-0.534357	-2.06639
0.434	-0.534516	-2.13293
0.435	-0.534675	-2.26602
0.436	-0.534835	-2.29625
0.437	-0.534996	-2.30577
0.438	-0.535157	-2.37862
0.439	-0.535319	-2.43408
0.171	-0.517667	-0.517667
0.172	-0.517631	-0.51763
0.173	-0.517596	-0.517594
0.174	-0.517562	-0.755077
0.175	-0.517529	-0.990988
0.176	-0.517496	-0.852808
0.177	-0.517465	-0.680822
0.178	-0.517434	-0.533997
0.179	-0.517404	-0.891891
0.18	-0.517376	-1.19354
0.181	-0.517347	-1.46653
0.182	-0.51732	-1.75286
0.183	-0.517294	-2.00056
0.184	-0.517269	-2.13515
0.185	-0.517244	-2.1713
0.186	-0.51722	-2.18079
0.187	-0.517197	-2.15953
0.188	-0.517175	-2.06792
0.189	-0.517154	-1.97422
0.19	-0.517134	-1.67783
0.191	-0.517114	-1.3091
0.192	-0.517095	-1.53253
0.193	-0.517078	-1.29201
0.194	-0.517061	-1.10879
0.195	-0.517045	-1.46074
0.196	-0.517029	-1.75948
0.197	-0.517015	-1.92755
0.198	-0.517001	-2.06693
0.199	-0.516989	-2.17016
0.2	-0.516977	-2.19758
0.201	-0.516966	-2.01123
0.202	-0.516956	-1.77508
0.203	-0.516946	-1.50634
0.204	-0.516938	-1.28402
0.205	-0.51693	-1.08014
0.206	-0.516923	-0.86973
0.207	-0.516917	-1.1645
0.208	-0.516912	-1.41978
0.209	-0.516908	-1.66721
0.21	-0.516904	-1.85881
0.211	-0.516901	-1.95131
0.212	-0.5169	-1.95594
0.213	-0.516899	-1.94955
0.214	-0.516898	-1.93855
0.215	-0.516899	-1.89522
0.216	-0.516901	-1.98759
0.217	-0.516903	-1.68007
0.218	-0.516906	-1.75349
0.219	-0.51691	-1.88677
0.22	-0.516915	-1.57121
0.221	-0.516921	-1.78871
0.222	-0.516927	-1.54845
0.223	-0.516934	-1.35777
0.224	-0.516942	-1.69562
0.225	-0.516951	-1.85643
0.226	-0.516961	-1.99842
0.227	-0.516972	-2.08216
0.228	-0.516983	-2.10579
0.229	-0.516995	-1.89175
0.23	-0.517008	-1.66401
0.231	-0.517022	-1.70825
0.232	-0.517037	-1.54146
0.233	-0.517052	-1.77662
0.234	-0.517068	-1.58775
0.235	-0.517085	-1.39237
0.236	-0.517103	-1.1857
0.237	-0.517122	-1.45418
0.238	-0.517142	-1.67718
0.239	-0.517162	-1.86603
0.24	-0.517183	-1.98628
0.241	-0.517205	-2.04601
0.242	-0.517228	-2.04747
0.243	-0.517251	-2.03418
0.244	-0.517276	-2.01231
0.245	-0.517301	-1.79286
0.246	-0.517327	-1.54835
0.247	-0.517354	-1.81103
0.248	-0.517381	-1.56039
0.249	-0.51741	-1.32658
0.25	-0.517439	-1.5966
0.251	-0.517469	-1.81861
0.252	-0.5175	-1.91321
0.253	-0.517531	-2.0049
0.254	-0.517564	-2.06842
0.255	-0.517597	-2.07311
0.256	-0.517631	-2.0926
0.257	-0.517665	-1.88299
0.258	-0.517701	-1.63966
0.259	-0.517737	-1.90488
0.26	-0.517775	-1.65122
0.261	-0.517812	-1.4185
0.262	-0.517851	-1.20431
0.47	-0.506005	-0.506005
0.471	-0.505964	-0.505963
0.472	-0.505923	-0.505921
0.473	-0.505884	-0.50588
0.474	-0.505845	-0.505838
0.475	-0.505807	-0.505797
0.476	-0.505771	-0.505755
0.477	-0.505735	-0.505714
0.478	-0.5057	-0.505673
0.479	-0.505666	-0.505632
0.48	-0.505632	-0.505592
0.481	-0.5056	-0.505551
0.482	-0.505568	-0.505511
0.483	-0.505538	-0.505472
0.484	-0.505508	-0.505432
0.485	-0.505479	-0.505393
0.486	-0.505451	-0.505355
0.487	-0.505424	-0.505317
0.488	-0.505398	-0.505279
0.489	-0.505373	-0.505242
0.49	-0.505348	-0.505205
0.491	-0.505325	-0.505169
0.492	-0.505302	-0.505134
0.493	-0.50528	-0.505098
0.494	-0.505259	-0.505064
0.495	-0.505239	-0.50503
0.496	-0.50522	-0.504996
0.497	-0.505202	-0.504964
0.498	-0.505184	-0.504932
0.499	-0.505168	-0.5049
0.5	-0.505152	-0.50487
0.501	-0.505137	-0.504839
0.502	-0.505123	-0.50481
0.503	-0.50511	-0.504781
0.504	-0.505098	-0.504753
0.505	-0.505087	-0.504726
0.506	-0.505076	-0.5047
0.507	-0.505067	-0.504674
0.508	-0.505058	-0.504649
0.509	-0.50505	-0.504625
0.51	-0.505043	-0.504602
0.511	-0.505037	-0.504579
0.512	-0.505031	-0.504558
0.513	-0.505027	-0.504537
0.514	-0.505023	-0.504517
0.515	-0.505021	-0.504498
0.516	-0.505019	-0.50448
0.517	-0.505018	-0.504462
0.518	-0.505017	-0.504446
0.519	-0.505018	-0.50443
0.52	-0.50502	-0.504415
0.521	-0.505022	-0.504401
0.522	-0.505025	-0.504388
0.523	-0.505029	-0.504376
0.524	-0.505034	-0.504364
0.525	-0.50504	-0.504354
0.526	-0.505047	-0.504344
0.527	-0.505054	-0.504336
0.528	-0.505062	-0.504328
0.529	-0.505071	-0.504321
0.53	-0.505081	-0.504315
0.531	-0.505092	-0.50431
0.532	-0.505104	-0.504306
0.533	-0.505117	-0.504303
0.534	-0.50513	-0.504301
0.535	-0.505144	-0.5043
0.536	-0.505159	-0.504299
0.537	-0.505175	-0.5043
0.538	-0.505192	-0.504302
0.539	-0.505209	-0.504304
0.54	-0.505228	-0.504308
0.541	-0.505247	-0.504312
0.542	-0.505267	-0.504317
0.543	-0.505288	-0.504324
0.544	-0.50531	-0.504331
0.545	-0.505332	-0.50434
0.546	-0.505355	-0.504349
0.547	-0.50538	-0.504359
0.548	-0.505405	-0.50437
0.549	-0.505431	-0.504382
0.55	-0.505457	-0.504395
0.551	-0.505485	-0.504409
0.552	-0.505513	-0.504424
0.553	-0.505542	-0.50444
0.554	-0.505572	-0.504457
0.555	-0.505603	-0.504475
0.556	-0.505635	-0.504494
0.557	-0.505667	-0.504514
0.558	-0.5057	-0.504534
0.559	-0.505734	-0.504556
0.56	-0.505769	-0.504579
0.561	-0.505805	-0.504602
0.562	-0.505842	-0.504627
0.563	-0.505879	-0.504652
0.564	-0.505917	-0.504679
0.565	-0.505956	-0.504706
0.566	-0.505996	-0.504734
0.567	-0.506036	-0.504764
0.568	-0.506078	-0.504794
0.569	-0.50612	-0.504825
0.57	-0.506163	-0.504857
0.571	-0.506207	-0.50489
0.572	-0.506252	-0.504924
0.573	-0.506297	-0.504959
0.574	-0.506343	-0.504995
0.575	-0.50639	-0.505032
0.576	-0.506438	-0.50507
0.577	-0.506487	-0.505109
0.578	-0.506536	-0.505149
0.579	-0.506587	-0.505189
0.58	-0.506638	-0.505231
0.581	-0.506689	-0.505273
0.582	-0.506742	-0.505317
0.583	-0.506796	-0.505361
0.584	-0.50685	-0.505406
0.585	-0.506905	-0.505453
0.586	-0.506961	-0.5055
0.587	-0.507017	-0.505548
0.588	-0.507075	-0.505597
0.589	-0.507133	-0.505647
0.59	-0.507192	-0.505697
0.591	-0.507252	-0.505749
0.592	-0.507312	-0.505802
0.593	-0.507374	-0.505855
0.594	-0.507436	-0.50591
0.595	-0.507499	-0.505966
0.596	-0.507563	-0.506022
0.597	-0.507627	-0.506079
0.598	-0.507693	-0.506137
0.599	-0.507759	-0.506197
0.6	-0.507825	-0.506256
0.601	-0.507893	-0.506317
0.602	-0.507962	-0.506379
0.603	-0.508031	-0.506442
0.604	-0.508101	-0.506505
0.605	-0.508172	-0.50657
0.606	-0.508243	-0.506636
0.607	-0.508315	-0.506702
0.608	-0.508389	-0.506769
0.609	-0.508462	-0.506837
0.61	-0.508537	-0.506906
0.611	-0.508613	-0.506976
0.612	-0.508689	-0.507046
0.613	-0.508766	-0.507118
0.614	-0.508843	-0.507191
0.615	-0.508922	-0.507264
0.616	-0.509001	-0.507338
0.617	-0.509081	-0.507413
0.618	-0.509162	-0.507489
0.619	-0.509244	-0.507566
0.62	-0.509326	-0.507644
0.621	-0.509409	-0.507722
0.622	-0.509493	-0.507802
0.623	-0.509578	-0.507882
0.624	-0.509663	-0.507963
0.625	-0.509749	-0.508045
0.626	-0.509836	-0.508128
0.627	-0.509924	-0.508211
0.628	-0.510012	-0.508296
0.629	-0.510101	-0.508381
0.63	-0.510191	-0.508468
0.631	-0.510282	-0.508555
0.632	-0.510373	-0.508643
0.633	-0.510466	-0.508731
0.634	-0.510559	-0.508821
0.635	-0.510652	-0.508911
0.636	-0.510747	-0.509003
0.637	-0.510842	-0.509094
0.638	-0.510938	-0.509187
0.639	-0.511035	-0.509281
0.64	-0.511132	-0.509376
0.641	-0.51123	-0.509471
0.642	-0.511329	-0.509567
0.643	-0.511429	-0.509664
0.644	-0.511529	-0.509762
0.645	-0.511631	-0.509861
0.646	-0.511733	-0.509961
0.647	-0.511835	-0.510061
0.648	-0.511939	-0.510162
0.649	-0.512043	-0.510264
0.65	-0.512148	-0.510367
0.651	-0.512253	-0.510471
0.652	-0.51236	-0.510575
0.653	-0.512467	-0.51068
0.654	-0.512575	-0.510786
0.655	-0.512683	-0.510893
0.656	-0.512792	-0.511
0.657	-0.512902	-0.511109
0.658	-0.513013	-0.511218
0.659	-0.513125	-0.511328
0.66	-0.513237	-0.511439
0.661	-0.51335	-0.511551
0.662	-0.513464	-0.511663
0.663	-0.513578	-0.511776
0.664	-0.513693	-0.51189
0.665	-0.513809	-0.512005
0.666	-0.513926	-0.51212
0.667	-0.514043	-0.512236
0.668	-0.514161	-0.512354
0.669	-0.51428	-0.512472
0.67	-0.514399	-0.51259
0.671	-0.514519	-0.512709
0.672	-0.51464	-0.512829
0.673	-0.514762	-0.512951
0.674	-0.514884	-0.513072
0.675	-0.515007	-0.513194
0.676	-0.515131	-0.513318
0.677	-0.515256	-0.513442
0.678	-0.515381	-0.513567
0.679	-0.515507	-0.513692
0.68	-0.515633	-0.513819
0.681	-0.515761	-0.513946
0.682	-0.515889	-0.514073
0.683	-0.516018	-0.514202
0.684	-0.516147	-0.514331
0.685	-0.516277	-0.514461
0.686	-0.516408	-0.514592
0.687	-0.51654	-0.514724
0.688	-0.516672	-0.514856
0.689	-0.516805	-0.514989
0.69	-0.516939	-0.515123
0.691	-0.517073	-0.515257
0.692	-0.517208	-0.515392
0.693	-0.517344	-0.515528
0.694	-0.517481	-0.515665
0.695	-0.517618	-0.515802
0.696	-0.517756	-0.515941
0.697	-0.517894	-0.51608
0.698	-0.518034	-0.516219
0.699	-0.518174	-0.51636
0.7	-0.518314	-0.516501
0.701	-0.518456	-0.516643
0.702	-0.518598	-0.516786
0.703	-0.518741	-0.516929
0.704	-0.518884	-0.517073
0.705	-0.519028	-0.517218
0.706	-0.519173	-0.517363
0.707	-0.519319	-0.51751
0.708	-0.519465	-0.517657
0.709	-0.519612	-0.517805
0.71	-0.51976	-0.517953
0.711	-0.519908	-0.518102
0.712	-0.520057	-0.518252
0.713	-0.520207	-0.518403
0.714	-0.520357	-0.518554
0.715	-0.520508	-0.518706
0.716	-0.52066	-0.518859
0.717	-0.520812	-0.519012
0.718	-0.520965	-0.519166
0.719	-0.521119	-0.519321
0.72	-0.521273	-0.519477
0.721	-0.521428	-0.519633
0.722	-0.521584	-0.51979
0.723	-0.521741	-0.519947
0.724	-0.521898	-0.520106
0.725	-0.522055	-0.520265
0.726	-0.522214	-0.520424
0.727	-0.522373	-0.520585
0.728	-0.522533	-0.520746
0.729	-0.522693	-0.520908
0.73	-0.522855	-0.52107
0.731	-0.523016	-0.521234
0.732	-0.523179	-0.521397
0.733	-0.523342	-0.521562
0.734	-0.523506	-0.521727
0.735	-0.52367	-0.521893
0.736	-0.523835	-0.52206
0.737	-0.524001	-0.522227
0.738	-0.524168	-0.522395
0.739	-0.524335	-0.522563
0.74	-0.524503	-0.522733
0.741	-0.524671	-0.522903
0.742	-0.52484	-0.523073
0.743	-0.52501	-0.523245
0.744	-0.52518	-0.523417
0.745	-0.525351	-0.523589
0.746	-0.525523	-0.523763
0.747	-0.525696	-0.523937
0.748	-0.525869	-0.524111
0.749	-0.526042	-0.524287
0.75	-0.526217	-0.524463
0.751	-0.526392	-0.524639
0.752	-0.526567	-0.524817
0.753	-0.526744	-0.524995
0.754	-0.52692	-0.525173
0.755	-0.527098	-0.525353
0.756	-0.527276	-0.525533
0.757	-0.527455	-0.525714
0.758	-0.527635	-0.525895
0.759	-0.527815	-0.526077
0.76	-0.527996	-0.52626
0.761	-0.528177	-0.526443
0.762	-0.528359	-0.526627
0.763	-0.528542	-0.526812
0.764	-0.528725	-0.526997
0.765	-0.528909	-0.527183
0.766	-0.529094	-0.52737
0.767	-0.529279	-0.527557
0.768	-0.529465	-0.527745
0.769	-0.529652	-0.527933
0.77	-0.529839	-0.528122
0.771	-0.530027	-0.528312
0.772	-0.530215	-0.528502
0.773	-0.530404	-0.528694
0.774	-0.530594	-0.528885
0.775	-0.530784	-0.529078
0.776	-0.530975	-0.529271
0.777	-0.531167	-0.529465
0.778	-0.531359	-0.529659
0.779	-0.531552	-0.529854
0.78	-0.531745	-0.530049
0.781	-0.531939	-0.530246
0.782	-0.532134	-0.530442
0.783	-0.53233	-0.53064
0.784	-0.532526	-0.530838
0.785	-0.532722	-0.531037
0.786	-0.532919	-0.531236
0.787	-0.533117	-0.531436
0.788	-0.533316	-0.531637
0.789	-0.533515	-0.531838
0.79	-0.533714	-0.53204
0.791	-0.533915	-0.532242
0.792	-0.534115	-0.532445
0.793	-0.534317	-0.532649
0.794	-0.534519	-0.532853
0.795	-0.534722	-0.533059
0.796	-0.534925	-0.533264
0.797	-0.535129	-0.53347
0.798	-0.535334	-0.533677
0.799	-0.535539	-0.533885
0.8	-0.535745	-0.534093
0.801	-0.535951	-0.534301
0.802	-0.536158	-0.53451
0.803	-0.536366	-0.53472
0.804	-0.536574	-0.534931
0.805	-0.536783	-0.535142
0.806	-0.536992	-0.535354
0.807	-0.537202	-0.535566
0.808	-0.537413	-0.535779
0.809	-0.537624	-0.535993
0.81	-0.537836	-0.536207
0.811	-0.538048	-0.536421
0.812	-0.538261	-0.536637
0.813	-0.538475	-0.536853
0.814	-0.538689	-0.53707
0.815	-0.538904	-0.537287
0.816	-0.539119	-0.537505
0.817	-0.539335	-0.537723
0.818	-0.539552	-0.537942
0.819	-0.539769	-0.538161
0.82	-0.539987	-0.538381
0.821	-0.540205	-0.538602
0.822	-0.540424	-0.538824
0.823	-0.540644	-0.539046
0.824	-0.540864	-0.539268
0.825	-0.541084	-0.539491
0.826	-0.541306	-0.539715
0.827	-0.541528	-0.539939
0.828	-0.54175	-0.540164
0.829	-0.541973	-0.54039
0.83	-0.542197	-0.540616
0.831	-0.542421	-0.540842
0.832	-0.542646	-0.541069
0.833	-0.542871	-0.541297
0.834	-0.543097	-0.541525
0.835	-0.543323	-0.541755
0.836	-0.543551	-0.541984
0.837	-0.543778	-0.542214
0.838	-0.544006	-0.542445
0.839	-0.544235	-0.542676
0.84	-0.544465	-0.542908
0.841	-0.544695	-0.54314
0.842	-0.544925	-0.543373
0.843	-0.545156	-0.543607
0.844	-0.545388	-0.543841
0.845	-0.54562	-0.544076
0.846	-0.545853	-0.544311
0.847	-0.546086	-0.544547
0.848	-0.54632	-0.544783
0.849	-0.546555	-0.54502
0.85	-0.54679	-0.545257
0.851	-0.547025	-0.545496
0.852	-0.547261	-0.545734
0.853	-0.547498	-0.545973
0.854	-0.547735	-0.546214
0.855	-0.547973	-0.546454
0.856	-0.548212	-0.546695
0.857	-0.548451	-0.546936
0.858	-0.54869	-0.547178
0.859	-0.54893	-0.54742
0.86	-0.549171	-0.547664
0.861	-0.549412	-0.547907
0.862	-0.549654	-0.548152
0.863	-0.549896	-0.548396
0.864	-0.550139	-0.548642
0.865	-0.550383	-0.548888
0.866	-0.550626	-0.549134
0.867	-0.550871	-0.549381
0.868	-0.551116	-0.549629
0.869	-0.551362	-0.549877
0.87	-0.551608	-0.550125
0.871	-0.551855	-0.550375
0.872	-0.552102	-0.550624
0.873	-0.55235	-0.550875
0.874	-0.552598	-0.551126
0.875	-0.552847	-0.551377
0.876	-0.553096	-0.551629
0.877	-0.553346	-0.551881
0.878	-0.553597	-0.552134
0.879	-0.553848	-0.552388
0.88	-0.554099	-0.552642
0.881	-0.554351	-0.552897
0.882	-0.554604	-0.553152
0.883	-0.554857	-0.553408
0.884	-0.555111	-0.553664
0.885	-0.555365	-0.553921
0.886	-0.55562	-0.554178
0.887	-0.555875	-0.554436
0.888	-0.556131	-0.554694
0.889	-0.556387	-0.554953
0.89	-0.556644	-0.555212
0.891	-0.556902	-0.555472
0.892	-0.55716	-0.555733
0.893	-0.557418	-0.555994
0.894	-0.557677	-0.556255
0.895	-0.557937	-0.556517
0.896	-0.558197	-0.55678
0.897	-0.558457	-0.557042
0.898	-0.558718	-0.557306
0.899	-0.55898	-0.55757
0.9	-0.559242	-0.557835
0.901	-0.559505	-0.5581
0.902	-0.559768	-0.558366
0.903	-0.560031	-0.558632
0.904	-0.560296	-0.558899
0.905	-0.56056	-0.559166
0.906	-0.560826	-0.559434
0.907	-0.561091	-0.559702
0.908	-0.561358	-0.559971
0.909	-0.561624	-0.56024
0.91	-0.561892	-0.56051
0.911	-0.56216	-0.56078
0.912	-0.562428	-0.561051
0.913	-0.562697	-0.561322
0.914	-0.562966	-0.561594
0.915	-0.563236	-0.561867
0.916	-0.563506	-0.56214
0.917	-0.563777	-0.562413
0.918	-0.564048	-0.562687
0.919	-0.56432	-0.562961
0.92	-0.564593	-0.563236
0.921	-0.564865	-0.563511
0.922	-0.565139	-0.563787
0.923	-0.565413	-0.564064
0.924	-0.565687	-0.564341
0.925	-0.565962	-0.564618
0.926	-0.566237	-0.564896
0.927	-0.566513	-0.565174
0.928	-0.566789	-0.565453
0.929	-0.567066	-0.565733
0.93	-0.567343	-0.566012
0.931	-0.567621	-0.566293
0.932	-0.5679	-0.566574
0.933	-0.568178	-0.566855
0.934	-0.568458	-0.567137
0.935	-0.568737	-0.567419
0.936	-0.569018	-0.567702
0.937	-0.569299	-0.567985
0.938	-0.56958	-0.568269
0.939	-0.569862	-0.568553
0.94	-0.570144	-0.568838
0.941	-0.570426	-0.569123
0.942	-0.57071	-0.569409
0.943	-0.570993	-0.569695
0.944	-0.571277	-0.569981
0.945	-0.571562	-0.570269
0.946	-0.571847	-0.570556
0.947	-0.572133	-0.570844
0.948	-0.572419	-0.571133
0.949	-0.572705	-0.571422
0.95	-0.572992	-0.571711
0.951	-0.57328	-0.572002
0.952	-0.573568	-0.572292
0.953	-0.573856	-0.572583
0.954	-0.574145	-0.572874
0.955	-0.574435	-0.573166
0.956	-0.574725	-0.573459
0.957	-0.575015	-0.573752
0.958	-0.575306	-0.574045
0.959	-0.575597	-0.574339
0.96	-0.575889	-0.574633
0.961	-0.576181	-0.574927
0.962	-0.576474	-0.575223
0.963	-0.576767	-0.575518
0.964	-0.57706	-0.575815
0.965	-0.577354	-0.576111
0.966	-0.577649	-0.576408
0.967	-0.577944	-0.576705
0.968	-0.578239	-0.577003
0.969	-0.578535	-0.577302
0.97	-0.578832	-0.5776
0.971	-0.579128	-0.5779
0.972	-0.579426	-0.578199
0.973	-0.579723	-0.5785
0.974	-0.580022	-0.5788
0.975	-0.58032	-0.579101
0.976	-0.580619	-0.579403
0.977	-0.580919	-0.579705
0.978	-0.581219	-0.580008
0.979	-0.581519	-0.580311
0.98	-0.58182	-0.580614
0.981	-0.582122	-0.580918
0.982	-0.582424	-0.581222
0.983	-0.582726	-0.581527
0.984	-0.583028	-0.581832
0.985	-0.583332	-0.582138
0.986	-0.583635	-0.582444
0.987	-0.583939	-0.58275
0.988	-0.584244	-0.583057
0.989	-0.584549	-0.583364
0.99	-0.584854	-0.583672
0.991	-0.58516	-0.58398
0.992	-0.585466	-0.584289
0.993	-0.585773	-0.584598
0.994	-0.58608	-0.584908
0.995	-0.586387	-0.585218
0.996	-0.586695	-0.585528
0.997	-0.587004	-0.585839
0.998	-0.587313	-0.586151
0.999	-0.587622	-0.586462
1	-0.587932	-0.586774
1.001	-0.588242	-0.587087
1.002	-0.588552	-0.5874
1.003	-0.588864	-0.587713
1.004	-0.589175	-0.588027
1.005	-0.589487	-0.588342
1.006	-0.589799	-0.588656
1.007	-0.590112	-0.588971
1.008	-0.590425	-0.589287
1.009	-0.590739	-0.589603
1.01	-0.591053	-0.589919
1.011	-0.591367	-0.590236
1.012	-0.591682	-0.590554
1.013	-0.591997	-0.590871
1.014	-0.592313	-0.59119
1.015	-0.592629	-0.591508
1.016	-0.592946	-0.591827
1.017	-0.593262	-0.592146
1.018	-0.59358	-0.592466
1.019	-0.593898	-0.592786
1.02	-0.594216	-0.593107
1.021	-0.594534	-0.593428
1.022	-0.594853	-0.593749
1.023	-0.595173	-0.594071
1.024	-0.595493	-0.594393
1.025	-0.595813	-0.594715
1.026	-0.596134	-0.595039
1.027	-0.596455	-0.595362
1.028	-0.596776	-0.595686
1.029	-0.597098	-0.59601
1.03	-0.59742	-0.596335
1.031	-0.597743	-0.59666
0.183	-0.51723	-0.51723
0.184	-0.517194	-0.517194
0.185	-0.517159	-0.517157
0.186	-0.517125	-0.754771
0.187	-0.517091	-0.990764
0.188	-0.517059	-0.945954
0.189	-0.517027	-0.841594
0.19	-0.516996	-0.710148
0.191	-0.516966	-1.02646
0.192	-0.516937	-1.3898
0.193	-0.516909	-1.64351
0.194	-0.516881	-1.86575
0.195	-0.516855	-2.02111
0.196	-0.516829	-2.16731
0.197	-0.516804	-2.25032
0.198	-0.51678	-2.34327
0.199	-0.516757	-2.40766
0.2	-0.516735	-2.50084
0.201	-0.516713	-2.56837
0.202	-0.516693	-2.61925
0.203	-0.516673	-2.66061
0.204	-0.516654	-2.70011
0.205	-0.516636	-2.73864
0.206	-0.516619	-2.73474
0.207	-0.516603	-2.67072
0.208	-0.516587	-2.67609
0.209	-0.516573	-2.76671
0.21	-0.516559	-2.78246
0.211	-0.516546	-2.73937
0.212	-0.516534	-2.37387
0.213	-0.516523	-2.03297
0.214	-0.516512	-1.76836
0.215	-0.516503	-1.87388
0.216	-0.516494	-1.96659
0.217	-0.516486	-2.00799
0.218	-0.516479	-2.04147
0.219	-0.516473	-2.09986
0.22	-0.516467	-2.16099
0.221	-0.516463	-2.26274
0.222	-0.516459	-2.31154
0.223	-0.516456	-2.34781
0.224	-0.516454	-2.06454
0.225	-0.516453	-1.7501
0.226	-0.516453	-1.88506
0.227	-0.516453	-1.65909
0.228	-0.516454	-1.43164
0.229	-0.516457	-1.19162
0.23	-0.51646	-1.05721
0.231	-0.516463	-1.03603
0.232	-0.516468	-0.86053
0.233	-0.516473	-0.84752
0.234	-0.51648	-0.622256
0.235	-0.516487	-0.417597
0.236	-0.516495	-0.345386
0.237	-0.516503	-0.339298
0.238	-0.516513	-0.334563
0.239	-0.516523	-0.322823
0.24	-0.516535	-0.280235
0.241	-0.516547	-0.335192
0.242	-0.516559	-0.398682
0.243	-0.516573	-0.439056
0.244	-0.516588	-0.793502
0.245	-0.516603	-1.10287
0.246	-0.516619	-1.44149
0.247	-0.516636	-1.33491
0.248	-0.516654	-1.20608
0.249	-0.516672	-1.05742
0.25	-0.516692	-0.951522
0.251	-0.516712	-0.882017
0.252	-0.516733	-0.758467
0.253	-0.516754	-0.486807
0.254	-0.516777	-0.409906
0.255	-0.5168	-0.321084
0.256	-0.516825	-0.228609
0.257	-0.51685	-0.571371
0.258	-0.516876	-0.897048
0.137	-0.518889	-0.518889
0.138	-0.518854	-0.518854
0.139	-0.51882	-0.518818
0.14	-0.518786	-0.755925
0.141	-0.518754	-0.991609
0.142	-0.518722	-0.946452
0.143	-0.518691	-0.841948
0.144	-0.518662	-0.710447
0.145	-0.518632	-1.02682
0.146	-0.518604	-1.39015
0.147	-0.518577	-1.64387
0.148	-0.51855	-1.8661
0.149	-0.518525	-2.02145
0.15	-0.5185	-2.16764
0.151	-0.518476	-2.25061
0.152	-0.518453	-2.34354
0.153	-0.518431	-2.40788
0.154	-0.518409	-2.50104
0.155	-0.518389	-2.56857
0.156	-0.518369	-2.61943
0.157	-0.51835	-2.66077
0.158	-0.518332	-2.70026
0.159	-0.518315	-2.73877
0.16	-0.518299	-2.73486
0.161	-0.518283	-2.67085
0.162	-0.518269	-2.67623
0.163	-0.518255	-2.76686
0.164	-0.518242	-2.78257
0.165	-0.51823	-2.73944
0.166	-0.518219	-2.37393
0.167	-0.518208	-2.03301
0.168	-0.518199	-1.76838
0.169	-0.51819	-1.87388
0.17	-0.518182	-1.96658
0.171	-0.518175	-2.00798
0.172	-0.518169	-2.04147
0.173	-0.518163	-2.09987
0.174	-0.518159	-2.161
0.175	-0.518155	-2.26275
0.176	-0.518152	-2.31158
0.177	-0.51815	-2.34786
0.178	-0.518149	-2.06459
0.179	-0.518148	-1.75015
0.18	-0.518149	-1.88511
0.181	-0.51815	-1.65913
0.182	-0.518152	-1.43167
0.183	-0.518155	-1.19164
0.184	-0.518159	-1.05723
0.185	-0.518163	-1.03605
0.186	-0.518168	-0.860542
0.187	-0.518175	-0.847524
0.188	-0.518182	-0.622258
0.189	-0.518189	-0.417602
0.19	-0.518198	-0.345396
0.191	-0.518208	-0.339311
0.192	-0.518218	-0.334578
0.193	-0.518229	-0.322839
0.194	-0.518241	-0.28023
0.195	-0.518254	-0.335173
0.196	-0.518267	-0.39866
0.197	-0.518281	-0.439037
0.198	-0.518297	-0.793483
0.199	-0.518313	-1.10285
0.2	-0.518329	-1.44147
0.201	-0.518347	-1.33489
0.202	-0.518365	-1.20605
0.203	-0.518385	-1.0574
0.204	-0.518405	-0.951506
0.205	-0.518426	-0.882007
0.206	-0.518447	-0.758465
0.207	-0.51847	-0.486803
0.208	-0.518493	-0.409896
0.209	-0.518517	-0.321075
0.21	-0.518542	-0.228604
0.211	-0.518567	-0.571369
0.212	-0.518594	-0.897047
0.213	-0.518621	-1.18781
0.214	-0.518649	-1.4132
0.215	-0.518678	-1.64812
0.216	-0.518708	-1.84762
0.217	-0.518738	-1.99397
0.218	-0.518769	-2.06422
0.219	-0.518801	-2.13553
0.22	-0.518834	-2.29638
0.221	-0.518868	-2.34602
0.222	-0.518902	-2.4326
0.223	-0.518938	-2.49681
0.224	-0.518974	-2.53072
0.225	-0.51901	-2.52952
0.226	-0.519048	-2.53709
0.227	-0.519086	-2.24866
0.228	-0.519125	-1.91295
0.229	-0.519165	-1.64852
0.23	-0.519206	-1.40517
0.231	-0.519248	-1.28952
0.232	-0.51929	-1.16511
0.233	-0.519333	-0.947493
0.234	-0.519377	-0.705073
0.235	-0.519422	-0.492146
0.236	-0.519467	-0.356922
0.237	-0.519513	-0.283567
0.238	-0.51956	-0.283563
0.239	-0.519608	-0.300552
0.24	-0.519657	-0.309644
0.241	-0.519706	-0.30805
0.242	-0.519756	-0.295171
0.243	-0.519807	-0.218676
0.244	-0.519858	-0.243295
0.245	-0.519911	-0.321804
0.246	-0.519964	-0.39608
0.247	-0.520018	-0.776357
0.248	-0.520073	-1.08827
0.249	-0.520128	-0.840587
0.25	-0.520185	-0.67178
0.251	-0.520242	-1.09712
0.252	-0.520299	-1.18215
0.253	-0.520358	-1.00995
0.254	-0.520417	-1.11946
0.255	-0.520477	-1.35663
0.256	-0.520538	-1.60963
0.257	-0.5206	-1.78649
0.258	-0.520662	-2.01113
0.259	-0.520725	-2.16668
0.26	-0.520789	-1.97947
0.261	-0.520854	-1.78761
0.262	-0.520919	-1.55763
0.263	-0.520986	-1.29629
0.264	-0.521053	-1.46506
0.265	-0.52112	-1.71857
0.266	-0.521189	-1.85074
0.267	-0.521258	-1.95099
0.268	-0.521328	-2.08786
0.269	-0.521399	-2.14915
0.27	-0.52147	-2.24443
0.271	-0.521542	-2.30556
0.272	-0.521615	-2.35152
0.273	-0.521689	-2.35965
0.274	-0.521763	-2.35268
0.275	-0.521839	-2.36669
0.276	-0.521915	-2.44317
0.277	-0.521991	-2.56753
0.278	-0.522069	-2.62238
0.279	-0.522147	-2.73923
0.28	-0.522226	-2.74439
0.281	-0.522306	-2.77961
0.282	-0.522386	-2.49141
0.283	-0.522467	-2.27832
0.284	-0.522549	-2.06759
0.285	-0.522632	-1.88739
0.286	-0.522715	-1.69796
0.287	-0.522799	-1.46736
0.288	-0.522884	-1.29518
0.289	-0.52297	-1.39105
0.29	-0.523056	-1.11818
0.291	-0.523143	-0.952144
0.292	-0.523231	-0.815698
0.293	-0.523319	-0.683987
0.294	-0.523409	-0.594705
0.295	-0.523499	-0.526114
0.296	-0.523589	-0.449553
0.297	-0.523681	-0.413317
0.298	-0.523773	-0.73555
0.299	-0.523866	-0.634443
0.3	-0.523959	-0.92108
0.301	-0.524054	-0.79754
0.302	-0.524149	-1.05683
0.303	-0.524245	-0.952497
0.304	-0.524341	-1.22687
0.305	-0.524438	-1.30112
0.306	-0.524536	-1.52722
0.307	-0.524635	-1.7607
0.308	-0.524735	-1.85338
0.309	-0.524835	-1.86472
0.31	-0.524936	-1.9321
0.311	-0.525037	-1.96286
0.312	-0.525139	-2.10091
0.313	-0.525242	-2.21385
0.314	-0.525346	-2.29981
0.315	-0.525451	-2.32272
0.316	-0.525556	-2.26819
0.317	-0.525662	-2.22577
0.318	-0.525768	-1.96775
0.319	-0.525875	-1.66786
0.32	-0.525983	-1.52707
0.321	-0.526092	-1.30064
0.322	-0.526201	-1.13662
0.323	-0.526312	-0.918473
0.324	-0.526422	-0.742506
0.325	-0.526534	-0.608567
0.326	-0.526646	-0.827663
0.327	-0.526759	-1.16226
0.328	-0.526873	-1.46018
0.329	-0.526987	-1.58674
0.33	-0.527102	-1.73421
0.331	-0.527218	-1.93603
0.332	-0.527334	-1.75479
0.333	-0.527451	-1.59674
0.334	-0.527569	-1.45341
0.335	-0.527688	-1.21295
0.336	-0.527807	-1.34389
0.337	-0.527927	-1.16812
0.338	-0.528047	-1.27592
0.339	-0.528169	-1.12757
0.34	-0.528291	-1.23579
0.341	-0.528413	-1.11319
0.342	-0.528537	-1.22205
0.343	-0.528661	-1.01205
0.214	0.0171916	0.0171916
0.215	0.017273	0.0172739
0.216	0.0173526	0.0173562
0.217	0.0174305	-0.0121975
0.218	0.0175066	-0.0311968
0.219	0.0175809	-0.0408399
0.22	0.0176535	-0.0279462
0.221	0.0177244	-0.0184138
0.222	0.0177935	-0.476653
0.223	0.0178608	-0.651158
0.224	0.0179264	-1.03833
0.225	0.0179903	-0.881765
0.226	0.0180524	-1.2754
0.227	0.0181128	-1.5641
0.228	0.0181714	-1.70696
0.229	0.0182283	-1.80894
0.23	0.0182835	-1.88779
0.231	0.0183369	-1.90742
0.232	0.0183886	-1.90151
0.233	0.0184386	-1.67566
0.234	0.0184868	-1.45487
0.235	0.0185333	-1.79734
0.236	0.0185781	-1.59971
0.237	0.0186212	-1.41808
0.238	0.0186625	-1.23247
0.239	0.0187021	-1.57052
0.24	0.0187401	-1.68751
0.241	0.0187762	-1.80175
0.242	0.0188107	-1.84153
0.243	0.0188435	-1.86487
0.244	0.0188745	-1.89224
0.245	0.0189039	-1.70317
0.246	0.0189315	-1.4588
0.247	0.0189574	-1.78451
0.248	0.0189817	-1.57918
0.249	0.0190042	-1.39707
0.25	0.019025	-1.21756
0.251	0.0190441	-1.4996
0.252	0.0190615	-1.7206
0.253	0.0190773	-1.8278
0.254	0.0190913	-1.88694
0.255	0.0191036	-1.98645
0.256	0.0191143	-2.0606
0.257	0.0191232	-2.05721
0.258	0.0191305	-1.862
0.259	0.0191361	-1.63597
0.26	0.01914	-1.89141
0.261	0.0191422	-1.66041
0.262	0.0191428	-1.45145
0.263	0.0191416	-1.23784
0.264	0.0191388	-1.51338
0.265	0.0191343	-1.73722
0.266	0.0191282	-1.84965
0.267	0.0191204	-1.92822
0.268	0.0191109	-1.95321
0.269	0.0190997	-1.97042
0.27	0.0190868	-1.99155
0.271	0.0190723	-1.77514
0.272	0.0190562	-1.55977
0.273	0.0190384	-1.88911
0.274	0.0190189	-1.66827
0.275	0.0189977	-1.45771
0.276	0.0189749	-1.7505
0.277	0.0189505	-1.9956
0.278	0.0189244	-2.07055
0.279	0.0188966	-2.12125
0.28	0.0188672	-2.12854
0.281	0.0188361	-2.07906
0.282	0.0188034	-2.11213
0.283	0.0187691	-1.90829
0.284	0.0187331	-1.65708
0.285	0.0186955	-1.92199
0.286	0.0186562	-1.66554
0.287	0.0186153	-1.40836
0.288	0.0185728	-1.15899
0.289	0.0185286	-1.41677
0.29	0.0184828	-1.64938
0.291	0.0184353	-1.86286
0.292	0.0183863	-1.94463
0.293	0.0183356	-1.9653
0.294	0.0182833	-1.97814
0.295	0.0182293	-1.98406
0.296	0.0181738	-1.99319
0.297	0.0181166	-1.74534
0.298	0.0180578	-1.51168
0.299	0.0179974	-1.80543
0.3	0.0179353	-1.59128
0.301	0.0178717	-1.39534
0.302	0.0178064	-1.19003
0.303	0.0177396	-1.47012
0.304	0.0176711	-1.70832
0.305	0.017601	-1.79791
0.306	0.0175293	-1.90822
0.307	0.017456	-1.94278
0.308	0.0173812	-1.9468
0.309	0.0173047	-1.97942
0.31	0.0172266	-1.79715
0.311	0.0171469	-1.57848
0.312	0.0170656	-1.86493
0.313	0.0169827	-1.62846
0.314	0.0168983	-1.4372
0.315	0.0168122	-1.28277
0.316	0.0167246	-1.58516
0.317	0.0166354	-1.81723
0.318	0.0165446	-1.87811
0.319	0.0164522	-1.93844
0.32	0.0163582	-1.99973
0.321	0.0162627	-2.07002
0.322	0.0161655	-2.08296
0.323	0.0160668	-1.86857
0.324	0.0159666	-1.63877
0.325	0.0158647	-1.93673
0.326	0.0157613	-1.68927
0.327	0.0156563	-1.46629
0.328	0.0155498	-1.29765
0.329	0.0154417	-1.62853
0.33	0.015332	-1.85808
0.331	0.0152207	-1.91261
0.332	0.0151079	-1.93732
0.333	0.0149936	-1.97395
0.334	0.0148777	-2.03633
0.335	0.0147602	-2.12295
0.336	0.0146412	-1.85735
0.337	0.0145206	-1.65202
0.338	0.0143985	-1.95737
0.339	0.0142748	-1.73726
0.34	0.0141496	-1.5324
0.341	0.0140228	-1.81392
0.342	0.0138945	-2.0408
0.343	0.0137647	-2.1018
0.344	0.0136333	-2.14421
0.345	0.0135004	-2.17572
0.346	0.0133659	-2.14594
0.347	0.0132299	-2.15619
0.348	0.0130924	-1.92019
0.349	0.0129533	-1.70821
0.35	0.0128127	-1.99672
0.351	0.0126706	-1.76265
0.352	0.012527	-1.54587
0.353	0.0123818	-1.817
0.354	0.0122352	-2.0409
0.355	0.012087	-2.11383
0.356	0.0119372	-2.1615
0.357	0.011786	-2.19376
0.358	0.0116332	-2.16267
0.359	0.011479	-2.17447
0.36	0.0113232	-1.94566
0.361	0.0111659	-1.7347
0.362	0.0110071	-1.31779
0.363	0.0108468	-1.17211
0.364	0.010685	-0.887975
0.365	0.0105217	-0.828138
0.366	0.0103569	-1.20184
0.367	0.0101906	-1.07092
0.368	0.0100228	-0.92521
0.369	0.00985345	-0.754002
0.37	0.00968264	-1.07083
0.371	0.00951035	-1.33745
0.372	0.00933657	-1.59651
0.373	0.00916129	-1.8029
0.374	0.00898453	-1.91793
0.375	0.00880628	-1.92952
0.376	0.00862655	-1.92978
0.377	0.00844534	-1.92537
0.378	0.00826264	-1.88722
0.379	0.00807847	-1.49445
0.38	0.00789282	-1.11292
0.381	0.00770569	-0.764395
0.382	0.00751709	-0.974443
0.383	0.00732702	-1.14768
0.384	0.00713547	-1.31354
0.385	0.00694246	-1.47397
0.386	0.00674798	-1.65278
0.387	0.00655204	-1.81528
0.388	0.00635463	-2.12502
0.389	0.00615576	-2.29876
0.39	0.00595543	-2.44412
0.391	0.00575364	-2.41247
0.392	0.0055504	-2.39957
0.393	0.0053457	-2.37818
0.394	0.00513955	-2.4086
0.395	0.00493194	-2.0368
0.396	0.00472289	-2.1517
0.397	0.00451239	-1.833
0.398	0.00430044	-1.92553
0.399	0.00408705	-1.68386
0.4	0.00387221	-1.45317
0.401	0.00365593	-1.2719
0.402	0.00343822	-1.54211
0.403	0.00321906	-1.32059
0.404	0.00299847	-1.04995
0.405	0.00277645	-1.16271
0.406	0.00255299	-1.02325
0.407	0.0023281	-0.820046
0.408	0.00210178	-0.966052
0.409	0.00187404	-0.73251
0.41	0.00164487	-0.561893
0.411	0.00141427	-0.458014
0.412	0.00118226	-0.86882
0.413	0.00094882	-1.21121
0.414	0.000713964	-1.48794
0.415	0.000477691	-1.72094
0.416	0.000240003	-1.88019
0.417	9.00432e-07	-2.01295
0.418	-0.000239614	-2.0976
0.419	-0.000481538	-2.12601
0.42	-0.000724871	-2.11561
0.421	-0.00096961	-1.86111
0.422	-0.00121575	-1.57731
0.423	-0.0014633	-1.82366
0.424	-0.00171225	-1.56736
0.425	-0.0019626	-1.344
0.426	-0.00221435	-1.65485
0.427	-0.00246749	-1.91463
0.428	-0.00272203	-2.01879
0.429	-0.00297796	-2.07807
0.43	-0.00323529	-2.09941
0.431	-0.003494	-2.13358
0.432	-0.0037541	-2.16661
0.433	-0.00401559	-1.94187
0.434	-0.00427846	-1.71285
0.435	-0.00454271	-1.99114
0.436	-0.00480835	-1.73126
0.437	-0.00507536	-1.48916
0.438	-0.00534375	-1.74052
0.439	-0.00561352	-1.97076
0.44	-0.00588466	-2.17567
0.441	-0.00615718	-2.24002
0.442	-0.00643106	-2.25124
0.443	-0.00670631	-2.23435
0.444	-0.00698294	-2.26301
0.445	-0.00726092	-2.2277
0.446	-0.00754027	-2.03348
0.447	-0.00782098	-1.83097
0.448	-0.00810306	-2.05395
0.449	-0.00838649	-1.81631
0.45	-0.00867128	-1.60065
0.451	-0.00895742	-1.3902
0.452	-0.00924491	-1.6596
0.453	-0.00953376	-1.87058
0.454	-0.00982396	-1.94366
0.455	-0.0101155	-2.00049
0.456	-0.0104084	-2.01565
0.457	-0.0107026	-2.03045
0.458	-0.0109982	-2.09949
0.459	-0.0112951	-1.88334
0.46	-0.0115934	-1.64295
0.461	-0.011893	-1.96814
0.462	-0.0121939	-1.74895
0.463	-0.0124962	-1.5181
0.464	-0.0127998	-1.28675
0.465	-0.0131048	-1.55172
0.466	-0.013411	-1.775
0.467	-0.0137186	-1.87265
0.468	-0.0140275	-1.94279
0.469	-0.0143378	-1.95596
0.47	-0.0146493	-1.96548
0.471	-0.0149622	-1.97082
0.472	-0.0152764	-1.76918
0.473	-0.0155919	-1.55773
0.474	-0.0159088	-1.85268
0.475	-0.0162269	-1.61969
0.476	-0.0165464	-1.40286
0.477	-0.0168672	-1.6885
0.478	-0.0171893	-1.92992
0.479	-0.0175126	-2.02841
0.48	-0.0178373	-2.08807
0.481	-0.0181633	-2.10135
0.482	-0.0184906	-2.09106
0.483	-0.0188192	-2.1276
0.484	-0.0191491	-1.89264
0.485	-0.0194803	-1.64913
0.486	-0.0198128	-1.97948
0.487	-0.0201466	-1.77529
0.488	-0.0204817	-1.57152
0.489	-0.0208181	-1.36908
0.49	-0.0211557	-1.66343
0.491	-0.0214946	-1.75517
0.492	-0.0218349	-1.84985
0.493	-0.0221764	-1.93333
0.494	-0.0225192	-1.95905
0.495	-0.0228632	-1.97064
0.496	-0.0232086	-1.77722
0.497	-0.0235552	-1.56278
0.498	-0.0239031	-1.87711
0.499	-0.0242523	-1.64681
0.5	-0.0246027	-1.4175
0.501	-0.0249544	-1.67636
0.502	-0.0253074	-1.89507
0.503	-0.0256616	-2.09599
0.504	-0.0260171	-2.1571
0.505	-0.0263739	-2.17902
0.506	-0.0267319	-2.13705
0.507	-0.0270912	-2.14302
0.508	-0.0274518	-2.13691
0.509	-0.0278136	-1.92266
0.51	-0.0281766	-1.68865
0.511	-0.0285409	-1.96641
0.512	-0.0289065	-1.73099
0.513	-0.0292733	-1.52268
0.514	-0.0296414	-1.31631
0.515	-0.0300107	-1.60627
0.516	-0.0303812	-1.83671
0.517	-0.030753	-1.91156
0.518	-0.031126	-1.97129
0.519	-0.0315003	-1.99612
0.52	-0.0318758	-2.0265
0.521	-0.0322525	-2.10103
0.522	-0.0326304	-1.89175
0.523	-0.0330096	-1.65752
0.524	-0.0333901	-1.98985
0.525	-0.0337717	-1.77455
0.526	-0.0341546	-1.54714
0.527	-0.0345387	-1.31749
0.528	-0.034924	-1.58278
0.529	-0.0353106	-1.80734
0.53	-0.0356984	-1.90625
0.531	-0.0360873	-1.97808
0.532	-0.0364775	-1.99258
0.533	-0.036869	-2.00278
0.534	-0.0372616	-2.00836
0.535	-0.0376554	-1.81324
0.536	-0.0380505	-1.60873
0.537	-0.0384467	-1.89473
0.538	-0.0388442	-1.65929
0.539	-0.0392428	-1.43971
0.54	-0.0396427	-1.71635
0.541	-0.0400438	-1.95034
0.542	-0.040446	-2.04975
0.543	-0.0408495	-2.10878
0.544	-0.0412542	-2.12218
0.545	-0.04166	-2.11175
0.546	-0.0420671	-2.14922
0.547	-0.0424753	-1.91827
0.548	-0.0428847	-1.67512
0.549	-0.0432953	-2.00059
0.55	-0.0437071	-1.7925
0.551	-0.0441201	-1.58423
0.552	-0.0445342	-1.37622
0.553	-0.0449496	-1.66431
0.554	-0.0453661	-1.75133
0.555	-0.0457838	-1.84414
0.556	-0.0462026	-1.92622
0.557	-0.0466227	-1.95241
0.558	-0.0470439	-1.96737
0.559	-0.0474663	-1.77273
0.56	-0.0478898	-1.55743
0.561	-0.0483145	-1.87501
0.562	-0.0487404	-1.64653
0.563	-0.0491674	-1.41814
0.564	-0.0495956	-1.67832
0.565	-0.050025	-1.89795
0.566	-0.0504555	-2.09968
0.567	-0.0508872	-2.16019
0.568	-0.05132	-2.18234
0.569	-0.051754	-2.14038
0.57	-0.0521891	-2.14577
0.571	-0.0526254	-2.13959
0.145	0.0115561	0.0115561
0.146	0.0116363	0.0116372
0.147	0.0117148	0.0117183
0.148	0.0117915	0.0117993
0.149	0.0118664	0.0118802
0.15	0.0119396	0.011961
0.151	0.0120111	0.0120413
0.152	0.0120808	0.0121214
0.153	0.0121488	0.0122013
0.154	0.012215	0.0122807
0.155	0.0122795	0.0123594
0.156	0.0123423	0.0124376
0.157	0.0124034	0.0125151
0.158	0.0124627	0.0125921
0.159	0.0125203	0.0126681
0.16	0.0125761	0.0127437
0.161	0.0126303	0.0128183
0.162	0.0126827	0.012892
0.163	0.0127334	0.0129647
0.164	0.0127824	0.0130365
0.165	0.0128296	0.0131073
0.166	0.0128752	0.0131772
0.167	0.012919	0.0132461
0.168	0.0129611	0.0133135
0.169	0.0130015	0.0133801
0.17	0.0130402	0.0134456
0.171	0.0130772	0.0135098
0.172	0.0131125	0.0135727
0.173	0.013146	0.0136344
0.174	0.0131779	0.0136948
0.175	0.0132081	0.0137537
0.176	0.0132366	0.0138111
0.177	0.0132633	0.0138674
0.178	0.0132884	0.0139222
0.179	0.0133118	0.0139756
0.18	0.0133335	0.0140276
0.181	0.0133535	0.0140779
0.182	0.0133718	0.0141268
0.183	0.0133885	0.0141742
0.184	0.0134034	0.0142202
0.185	0.0134167	0.0142648
0.186	0.0134283	0.0143075
0.187	0.0134382	0.0143485
0.188	0.0134464	0.0143881
0.189	0.0134529	0.014426
0.19	0.0134578	0.0144622
0.191	0.013461	0.0144968
0.192	0.0134625	0.0145297
0.193	0.0134624	0.0145609
0.194	0.0134605	0.0145907
0.195	0.0134571	0.0146186
0.196	0.0134519	0.0146446
0.197	0.0134451	0.0146692
0.198	0.0134366	0.0146918
0.199	0.0134265	0.0147126
0.2	0.0134147	0.0147319
0.201	0.0134013	0.0147493
0.202	0.0133862	0.0147648
0.203	0.0133694	0.0147786
0.204	0.013351	0.0147905
0.205	0.013331	0.0148008
0.206	0.0133093	0.0148091
0.207	0.0132859	0.0148156
0.208	0.0132609	0.0148201
0.209	0.0132343	0.0148227
0.21	0.013206	0.0148239
0.211	0.0131761	0.0148232
0.212	0.0131446	0.0148206
0.213	0.0131114	0.014816
0.214	0.0130766	0.0148096
0.215	0.0130401	0.0148013
0.216	0.013002	0.0147915
0.217	0.0129623	0.0147796
0.218	0.012921	0.014766
0.219	0.012878	0.0147505
0.22	0.0128334	0.0147328
0.221	0.0127872	0.0147135
0.222	0.0127394	0.0146923
0.223	0.01269	0.0146692
0.224	0.0126389	0.0146441
0.225	0.0125862	0.0146172
0.226	0.0125319	0.0145884
0.227	0.012476	0.0145581
0.228	0.0124185	0.0145257
0.229	0.0123594	0.0144916
0.23	0.0122986	0.0144556
0.231	0.0122363	0.0144176
0.232	0.0121724	0.0143778
0.233	0.0121068	0.0143361
0.234	0.0120397	0.0142925
0.235	0.011971	0.0142469
0.236	0.0119006	0.0141995
0.237	0.0118287	0.0141501
0.238	0.0117552	0.0140989
0.239	0.0116801	0.014046
0.24	0.0116034	0.0139909
0.241	0.0115251	0.0139341
0.242	0.0114452	0.0138757
0.243	0.0113637	0.0138154
0.244	0.0112807	0.0137532
0.245	0.0111961	0.013689
0.246	0.0111099	0.013623
0.247	0.0110221	0.013555
0.248	0.0109327	0.0134854
0.249	0.0108418	0.0134139
0.25	0.0107493	0.0133405
0.251	0.0106552	0.0132654
0.252	0.0105596	0.0131884
0.253	0.0104623	0.0131094
0.254	0.0103636	0.0130286
0.255	0.0102632	0.0129459
0.256	0.0101613	0.0128615
0.257	0.0100579	0.0127754
0.258	0.00995284	0.0126874
0.259	0.00984627	0.0125976
0.26	0.00973813	0.0125058
0.261	0.00962844	0.0124123
0.262	0.0095172	0.0123172
0.263	0.00940441	0.0122201
0.264	0.00929007	0.0121212
0.265	0.00917419	0.0120203
0.266	0.00905676	0.0119178
0.267	0.00893778	0.0118136
0.268	0.00881727	0.0117075
0.269	0.00869521	0.0115998
0.27	0.00857162	0.0114901
0.271	0.00844649	0.0113788
0.272	0.00831982	0.0112655
0.273	0.00819163	0.0111508
0.274	0.0080619	0.0110343
0.275	0.00793064	0.0109158
0.276	0.00779785	0.0107954
0.277	0.00766354	0.0106735
0.278	0.0075277	0.0105498
0.279	0.00739034	0.0104241
0.28	0.00725145	0.0102971
0.281	0.00711105	0.0101681
0.282	0.00696913	0.0100372
0.283	0.0068257	0.00990486
0.284	0.00668075	0.00977063
0.285	0.00653428	0.00963497
0.286	0.00638631	0.0094974
0.287	0.00623683	0.00935817
0.288	0.00608584	0.00921726
0.289	0.00593334	0.00907445
0.29	0.00577934	0.00892997
0.291	0.00562384	0.00878382
0.292	0.00546684	0.008636
0.293	0.00530834	0.00848651
0.294	0.00514834	0.00833511
0.295	0.00498684	0.00818205
0.296	0.00482386	0.00802732
0.297	0.00465938	0.00787115
0.298	0.0044934	0.00771308
0.299	0.00432595	0.00755358
0.3	0.004157	0.00739217
0.301	0.00398657	0.00722933
0.302	0.00381465	0.00706458
0.303	0.00364126	0.0068984
0.304	0.00346638	0.00673032
0.305	0.00329002	0.0065608
0.306	0.00311219	0.00638938
0.307	0.00293288	0.00621653
0.308	0.0027521	0.006042
0.309	0.00256985	0.00586581
0.31	0.00238613	0.00568819
0.311	0.00220094	0.00550866
0.312	0.00201428	0.0053277
0.313	0.00182616	0.00514483
0.314	0.00163658	0.00496054
0.315	0.00144553	0.00477481
0.316	0.00125303	0.00458717
0.317	0.00105906	0.00439811
0.318	0.000863646	0.00420713
0.319	0.000666772	0.00401473
0.32	0.000468446	0.0038209
0.321	0.000268668	0.00362539
0.322	6.74416e-05	0.00342822
0.323	-0.000135233	0.00322962
0.324	-0.000339353	0.00302911
0.325	-0.000544918	0.00282717
0.326	-0.000751925	0.0026238
0.327	-0.000960373	0.00241876
0.328	-0.00117026	0.00221205
0.329	-0.00138158	0.00200391
0.33	-0.00159434	0.00179434
0.331	-0.00180854	0.00158286
0.332	-0.00202416	0.00136995
0.333	-0.00224122	0.00115561
0.334	-0.00245971	0.000939608
0.335	-0.00267962	0.00072217
0.336	-0.00290096	0.000503063
0.337	-0.00312372	0.000282526
0.338	-0.0033479	6.03199e-05
0.339	-0.00357351	-0.000163317
0.34	-0.00380053	-0.000388622
0.341	-0.00402897	-0.000615358
0.342	-0.00425882	-0.000843525
0.343	-0.00449009	-0.00107312
0.344	-0.00472277	-0.00130439
0.345	-0.00495686	-0.00153732
0.346	-0.00519236	-0.00177169
0.347	-0.00542926	-0.00200748
0.348	-0.00566757	-0.00224471
0.349	-0.00590729	-0.00248361
0.35	-0.0061484	-0.00272369
0.351	-0.00639091	-0.00296569
0.352	-0.00663483	-0.00320911
0.353	-0.00688013	-0.00345397
0.354	-0.00712684	-0.00370026
0.355	-0.00737493	-0.00394797
0.356	-0.00762442	-0.00419712
0.357	-0.0078753	-0.00444794
0.358	-0.00812756	-0.00470042
0.359	-0.00838121	-0.0049541
0.36	-0.00863625	-0.00520945
0.361	-0.00889267	-0.00546598
0.362	-0.00915046	-0.00572419
0.363	-0.00940964	-0.00598383
0.364	-0.0096702	-0.0062449
0.365	-0.00993213	-0.0065074
0.366	-0.0101954	-0.00677133
0.367	-0.0104601	-0.00703669
0.368	-0.0107262	-0.00730348
0.369	-0.0109936	-0.00757194
0.37	-0.0112624	-0.00784159
0.371	-0.0115325	-0.00811267
0.372	-0.011804	-0.00838542
0.373	-0.0120769	-0.00865936
0.374	-0.0123511	-0.00893474
0.375	-0.0126267	-0.00921154
0.376	-0.0129037	-0.00948977
0.377	-0.013182	-0.00976944
0.378	-0.0134617	-0.0100505
0.379	-0.0137427	-0.0103331
0.38	-0.014025	-0.010617
0.381	-0.0143087	-0.0109024
0.382	-0.0145938	-0.0111892
0.383	-0.0148802	-0.0114775
0.384	-0.015168	-0.0117671
0.385	-0.015457	-0.0120583
0.386	-0.0157475	-0.0123508
0.387	-0.0160392	-0.0126448
0.388	-0.0163323	-0.0129402
0.389	-0.0166268	-0.0132368
0.39	-0.0169225	-0.013535
0.391	-0.0172197	-0.0138345
0.392	-0.0175181	-0.0141351
0.393	-0.0178178	-0.0144372
0.394	-0.0181189	-0.0147407
0.395	-0.0184213	-0.0150456
0.396	-0.0187251	-0.015352
0.397	-0.0190301	-0.0156598
0.398	-0.0193365	-0.015969
0.399	-0.0196442	-0.0162795
0.4	-0.0199532	-0.0165913
0.401	-0.0202635	-0.0169044
0.402	-0.0205752	-0.0172188
0.403	-0.0208881	-0.0175347
0.404	-0.0212024	-0.0178521
0.405	-0.0215179	-0.0181708
0.406	-0.0218348	-0.018491
0.407	-0.022153	-0.0188124
0.408	-0.0224724	-0.019135
0.409	-0.0227932	-0.019459
0.41	-0.0231153	-0.0197845
0.411	-0.0234387	-0.0201111
0.412	-0.0237633	-0.0204391
0.413	-0.0240893	-0.0207684
0.414	-0.0244165	-0.0210991
0.415	-0.0247451	-0.0214312
0.416	-0.0250749	-0.0217643
0.417	-0.025406	-0.0220988
0.418	-0.0257384	-0.0224347
0.419	-0.0260721	-0.0227721
0.42	-0.0264071	-0.0231109
0.421	-0.0267433	-0.0234509
0.422	-0.0270809	-0.023792
0.423	-0.0274197	-0.0241346
0.424	-0.0277597	-0.0244787
0.425	-0.0281011	-0.0248237
0.426	-0.0284437	-0.0251701
0.427	-0.0287876	-0.0255179
0.428	-0.0291328	-0.0258672
0.429	-0.0294792	-0.0262177
0.43	-0.0298269	-0.0265694
0.431	-0.0301759	-0.0269225
0.432	-0.0305261	-0.0272768
0.433	-0.0308775	-0.0276322
0.434	-0.0312303	-0.0279891
0.435	-0.0315843	-0.0283475
0.436	-0.0319395	-0.0287068
0.437	-0.032296	-0.0290675
0.438	-0.0326538	-0.0294297
0.439	-0.0330128	-0.0297928
0.44	-0.033373	-0.0301573
0.441	-0.0337345	-0.0305231
0.442	-0.0340972	-0.0308902
0.443	-0.0344612	-0.0312586
0.444	-0.0348264	-0.0316284
0.445	-0.0351929	-0.0319991
0.446	-0.0355606	-0.0323713
0.447	-0.0359295	-0.0327446
0.448	-0.0362997	-0.0331194
0.449	-0.0366711	-0.0334954
0.45	-0.0370437	-0.0338726
0.451	-0.0374176	-0.034251
0.452	-0.0377926	-0.0346308
0.453	-0.0381689	-0.0350118
0.454	-0.0385465	-0.035394
0.455	-0.0389252	-0.0357773
0.456	-0.0393052	-0.0361619
0.457	-0.0396864	-0.0365479
0.458	-0.0400688	-0.0369351
0.459	-0.0404524	-0.0373235
0.46	-0.0408373	-0.0377133
0.461	-0.0412233	-0.0381041
0.462	-0.0416106	-0.0384963
0.463	-0.041999	-0.0388894
0.464	-0.0423887	-0.039284
0.465	-0.0427796	-0.0396795
0.466	-0.0431717	-0.0400765
0.467	-0.043565	-0.0404747
0.468	-0.0439595	-0.040874
0.469	-0.0443551	-0.0412748
0.47	-0.044752	-0.0416765
0.471	-0.0451501	-0.0420797
0.472	-0.0455494	-0.0424838
0.473	-0.0459498	-0.0428894
0.474	-0.0463515	-0.0432961
0.475	-0.0467543	-0.043704
0.476	-0.0471583	-0.0441129
0.477	-0.0475635	-0.0445232
0.478	-0.0479699	-0.0449347
0.479	-0.0483775	-0.0453475
0.48	-0.0487862	-0.0457616
0.481	-0.0491961	-0.0461767
0.482	-0.0496072	-0.0465927
0.483	-0.0500195	-0.0470102
0.484	-0.050433	-0.0474288
0.485	-0.0508476	-0.0478487
0.486	-0.0512634	-0.0482697
0.487	-0.0516803	-0.048692
0.488	-0.0520984	-0.0491154
0.489	-0.0525177	-0.04954
0.49	-0.0529382	-0.0499656
0.491	-0.0533598	-0.0503926
0.492	-0.0537825	-0.0508206
0.493	-0.0542065	-0.05125
0.494	-0.0546315	-0.0516803
0.495	-0.0550578	-0.0521121
0.496	-0.0554852	-0.0525448
0.497	-0.0559137	-0.0529788
0.498	-0.0563434	-0.0534139
0.499	-0.0567742	-0.0538499
0.5	-0.0572062	-0.0542874
0.501	-0.0576393	-0.0547259
0.502	-0.0580735	-0.0551655
0.503	-0.0585089	-0.0556064
0.504	-0.0589455	-0.0560484
0.505	-0.0593831	-0.0564914
0.506	-0.0598219	-0.0569355
0.507	-0.0602619	-0.0573809
0.508	-0.060703	-0.0578275
0.509	-0.0611452	-0.0582752
0.51	-0.0615885	-0.0587242
0.511	-0.0620329	-0.0591741
0.512	-0.0624785	-0.0596254
0.513	-0.0629252	-0.0600777
0.514	-0.063373	-0.0605309
0.515	-0.063822	-0.0609853
0.516	-0.064272	-0.0614409
0.517	-0.0647232	-0.0618975
0.518	-0.0651755	-0.0623555
0.519	-0.0656289	-0.0628145
0.52	-0.0660834	-0.0632746
0.521	-0.0665391	-0.063736
0.522	-0.0669958	-0.0641983
0.523	-0.0674536	-0.0646615
0.524	-0.0679126	-0.0651262
0.525	-0.0683726	-0.0655918
0.526	-0.0688337	-0.0660584
0.527	-0.069296	-0.0665262
0.528	-0.0697593	-0.0669951
0.529	-0.0702238	-0.0674651
0.53	-0.0706893	-0.0679362
0.531	-0.0711559	-0.0684085
0.532	-0.0716236	-0.0688818
0.533	-0.0720924	-0.0693562
0.534	-0.0725623	-0.0698318
0.535	-0.0730333	-0.0703084
0.536	-0.0735053	-0.0707862
0.537	-0.0739785	-0.071265
0.538	-0.0744527	-0.0717449
0.539	-0.074928	-0.0722258
0.54	-0.0754043	-0.0727077
0.541	-0.0758818	-0.0731909
0.542	-0.0763603	-0.0736752
0.543	-0.0768399	-0.0741603
0.544	-0.0773206	-0.0746467
0.545	-0.0778023	-0.0751343
0.546	-0.0782851	-0.0756228
0.547	-0.0787689	-0.0761123
0.548	-0.0792539	-0.0766032
0.549	-0.0797398	-0.077095
0.55	-0.0802269	-0.0775878
0.551	-0.080715	-0.0780818
0.552	-0.0812041	-0.078577
0.553	-0.0816944	-0.0790732
0.554	-0.0821856	-0.0795703
0.555	-0.0826779	-0.0800683
0.556	-0.0831713	-0.0805676
0.557	-0.0836657	-0.0810678
0.558	-0.0841612	-0.0815692
0.559	-0.0846577	-0.0820715
0.56	-0.0851552	-0.0825748
0.561	-0.0856538	-0.0830793
0.562	-0.0861534	-0.0835848
0.563	-0.0866541	-0.0840914
0.564	-0.0871558	-0.084599
0.565	-0.0876585	-0.0851076
0.566	-0.0881623	-0.0856171
0.567	-0.0886671	-0.0861278
0.568	-0.0891729	-0.0866396
0.569	-0.0896797	-0.0871525
0.57	-0.0901876	-0.0876663
0.571	-0.0906965	-0.088181
0.572	-0.0912064	-0.0886967
0.573	-0.0917174	-0.0892136
0.574	-0.0922293	-0.0897317
0.575	-0.0927423	-0.0902505
0.576	-0.0932563	-0.0907705
0.577	-0.0937713	-0.0912914
0.578	-0.0942873	-0.0918133
0.579	-0.0948043	-0.0923362
0.58	-0.0953224	-0.09286
0.581	-0.0958414	-0.093385
0.582	-0.0963615	-0.0939109
0.583	-0.0968825	-0.0944381
0.584	-0.0974046	-0.0949662
0.585	-0.0979276	-0.0954952
0.586	-0.0984517	-0.0960252
0.587	-0.0989767	-0.0965562
0.588	-0.0995027	-0.0970881
0.589	-0.10003	-0.097621
0.59	-0.100558	-0.0981548
0.591	-0.101087	-0.0986898
0.592	-0.101617	-0.0992258
0.593	-0.102148	-0.0997627
0.594	-0.10268	-0.100301
0.595	-0.103213	-0.10084
0.596	-0.103747	-0.10138
0.597	-0.104282	-0.101921
0.598	-0.104817	-0.102463
0.599	-0.105354	-0.103005
0.6	-0.105892	-0.103549
0.601	-0.106431	-0.104094
0.602	-0.106971	-0.10464
0.603	-0.107512	-0.105186
0.604	-0.108053	-0.105734
0.605	-0.108596	-0.106283
0.606	-0.10914	-0.106832
0.607	-0.109684	-0.107383
0.608	-0.11023	-0.107934
0.609	-0.110776	-0.108487
0.61	-0.111324	-0.10904
0.611	-0.111872	-0.109595
0.612	-0.112422	-0.11015
0.613	-0.112972	-0.110706
0.614	-0.113523	-0.111264
0.615	-0.114075	-0.111822
0.616	-0.114629	-0.112381
0.617	-0.115183	-0.112941
0.618	-0.115738	-0.113502
0.619	-0.116294	-0.114064
0.62	-0.116851	-0.114627
0.621	-0.117409	-0.115191
0.622	-0.117968	-0.115756
0.623	-0.118527	-0.116322
0.624	-0.119088	-0.116889
0.625	-0.11965	-0.117456
0.626	-0.120212	-0.118025
0.627	-0.120776	-0.118594
0.628	-0.12134	-0.119165
0.629	-0.121906	-0.119736
0.63	-0.122472	-0.120309
0.631	-0.123039	-0.120882
0.632	-0.123607	-0.121457
0.633	-0.124176	-0.122032
0.634	-0.124746	-0.122608
0.635	-0.125317	-0.123185
0.636	-0.125889	-0.123763
0.637	-0.126461	-0.124341
0.638	-0.127035	-0.124921
0.639	-0.127609	-0.125502
0.64	-0.128185	-0.126083
0.641	-0.128761	-0.126666
0.642	-0.129338	-0.127249
0.643	-0.129916	-0.127833
0.644	-0.130495	-0.128418
0.645	-0.131075	-0.129004
0.646	-0.131656	-0.129591
0.647	-0.132238	-0.130179
0.648	-0.13282	-0.130768
0.649	-0.133404	-0.131357
0.65	-0.133988	-0.131948
0.651	-0.134573	-0.132539
0.652	-0.13516	-0.133132
0.653	-0.135747	-0.133725
0.654	-0.136335	-0.134319
0.655	-0.136923	-0.134913
0.656	-0.137513	-0.135509
0.657	-0.138104	-0.136106
0.658	-0.138695	-0.136703
0.659	-0.139287	-0.137302
0.66	-0.13988	-0.137901
0.661	-0.140474	-0.138501
0.662	-0.141069	-0.139102
0.663	-0.141665	-0.139704
0.664	-0.142262	-0.140307
0.665	-0.142859	-0.14091
0.666	-0.143457	-0.141515
0.667	-0.144057	-0.14212
0.668	-0.144657	-0.142726
0.669	-0.145258	-0.143333
0.67	-0.145859	-0.143941
0.671	-0.146462	-0.14455
0.672	-0.147066	-0.145159
0.673	-0.14767	-0.14577
0.674	-0.148275	-0.146381
0.675	-0.148881	-0.146993
0.676	-0.149488	-0.147606
0.677	-0.150096	-0.14822
0.678	-0.150704	-0.148835
0.679	-0.151314	-0.14945
0.68	-0.151924	-0.150067
0.681	-0.152535	-0.150684
0.682	-0.153147	-0.151302
0.683	-0.153759	-0.151921
0.684	-0.154373	-0.15254
0.685	-0.154987	-0.153161
0.686	-0.155603	-0.153782
0.687	-0.156219	-0.154404
0.688	-0.156836	-0.155027
0.689	-0.157453	-0.155651
0.69	-0.158072	-0.156276
0.691	-0.158691	-0.156901
0.692	-0.159311	-0.157527
0.693	-0.159932	-0.158154
0.694	-0.160554	-0.158782
0.695	-0.161176	-0.159411
0.696	-0.1618	-0.160041
0.697	-0.162424	-0.160671
0.698	-0.163049	-0.161302
0.699	-0.163675	-0.161934
0.7	-0.164301	-0.162567
0.701	-0.164929	-0.1632
0.702	-0.165557	-0.163835
0.703	-0.166186	-0.16447
0.704	-0.166816	-0.165106
0.705	-0.167446	-0.165743
0.706	-0.168078	-0.16638
0.707	-0.16871	-0.167018
0.708	-0.169343	-0.167658
0.709	-0.169977	-0.168297
0.71	-0.170611	-0.168938
0.711	-0.171247	-0.16958
0.712	-0.171883	-0.170222
0.713	-0.17252	-0.170865
0.714	-0.173157	-0.171509
0.715	-0.173796	-0.172153
0.716	-0.174435	-0.172799
0.717	-0.175075	-0.173445
0.718	-0.175716	-0.174092
0.719	-0.176357	-0.17474
0.72	-0.177	-0.175388
0.721	-0.177643	-0.176037
0.722	-0.178287	-0.176687
0.723	-0.178931	-0.177338
0.724	-0.179577	-0.177989
0.725	-0.180223	-0.178642
0.726	-0.18087	-0.179295
0.727	-0.181517	-0.179949
0.728	-0.182166	-0.180603
0.729	-0.182815	-0.181258
0.73	-0.183465	-0.181915
0.731	-0.184115	-0.182571
0.732	-0.184767	-0.183229
0.733	-0.185419	-0.183887
0.734	-0.186072	-0.184546
0.735	-0.186725	-0.185206
0.736	-0.18738	-0.185866
0.737	-0.188035	-0.186527
0.738	-0.188691	-0.18719
0.739	-0.189347	-0.187852
0.74	-0.190005	-0.188516
0.741	-0.190663	-0.18918
0.742	-0.191322	-0.189845
0.743	-0.191981	-0.190511
0.744	-0.192641	-0.191177
0.745	-0.193302	-0.191844
0.746	-0.193964	-0.192512
0.747	-0.194626	-0.19318
0.748	-0.19529	-0.19385
0.749	-0.195953	-0.19452
0.75	-0.196618	-0.19519
0.751	-0.197283	-0.195862
0.752	-0.197949	-0.196534
0.753	-0.198616	-0.197206
0.754	-0.199284	-0.19788
0.755	-0.199952	-0.198555
0.756	-0.200621	-0.199229
0.757	-0.20129	-0.199905
0.758	-0.20196	-0.200582
0.759	-0.202631	-0.201259
0.76	-0.203303	-0.201936
0.761	-0.203975	-0.202615
0.762	-0.204648	-0.203294
0.763	-0.205322	-0.203974
0.764	-0.205997	-0.204655
0.765	-0.206672	-0.205336
0.766	-0.207348	-0.206018
0.767	-0.208024	-0.206701
0.768	-0.208701	-0.207384
0.769	-0.209379	-0.208068
0.77	-0.210058	-0.208753
0.771	-0.210737	-0.209438
0.772	-0.211417	-0.210124
0.773	-0.212098	-0.210811
0.774	-0.212779	-0.211498
0.775	-0.213461	-0.212187
0.776	-0.214143	-0.212876
0.777	-0.214827	-0.213565
0.778	-0.215511	-0.214255
0.779	-0.216195	-0.214946
0.78	-0.216881	-0.215637
0.781	-0.217567	-0.216329
0.782	-0.218253	-0.217022
0.783	-0.218941	-0.217716
0.784	-0.219629	-0.21841
0.785	-0.220317	-0.219105
0.786	-0.221007	-0.2198
0.787	-0.221696	-0.220496
0.788	-0.222387	-0.221193
0.789	-0.223078	-0.22189
0.79	-0.22377	-0.222588
0.791	-0.224463	-0.223287
0.792	-0.225156	-0.223986
0.793	-0.22585	-0.224686
0.794	-0.226544	-0.225387
0.795	-0.227239	-0.226088
0.796	-0.227935	-0.22679
0.171	0.0136693	0.0136693
0.172	0.0137502	0.0137508
0.173	0.0138293	0.0138323
0.174	0.0139067	0.0139139
0.175	0.0139823	0.0139952
0.176	0.0140562	0.0140765
0.177	0.0141284	0.0141573
0.178	0.0141988	0.0142379
0.179	0.0142675	0.0143182
0.18	0.0143344	0.0143981
0.181	0.0143996	0.0144773
0.182	0.014463	0.0145562
0.183	0.0145247	0.0146341
0.184	0.0145847	0.0147116
0.185	0.0146429	0.0147884
0.186	0.0146995	0.0148644
0.187	0.0147542	0.0149395
0.188	0.0148073	0.0150139
0.189	0.0148586	0.0150874
0.19	0.0149082	0.0151598
0.191	0.0149561	0.0152314
0.192	0.0150023	0.0153017
0.193	0.0150467	0.0153711
0.194	0.0150895	0.0154395
0.195	0.0151305	0.0155065
0.196	0.0151698	0.0155725
0.197	0.0152073	0.0156372
0.198	0.0152432	0.0157008
0.199	0.0152774	0.015763
0.2	0.0153099	0.0158238
0.201	0.0153406	0.0158832
0.202	0.0153697	0.0159416
0.203	0.015397	0.0159986
0.204	0.0154227	0.0160542
0.205	0.0154466	0.0161083
0.206	0.0154689	0.016161
0.207	0.0154894	0.016212
0.208	0.0155083	0.0162613
0.209	0.0155255	0.0163095
0.21	0.015541	0.016356
0.211	0.0155548	0.0164011
0.212	0.0155669	0.0164444
0.213	0.0155773	0.0164862
0.214	0.015586	0.0165262
0.215	0.0155931	0.0165646
0.216	0.0155985	0.0166016
0.217	0.0156022	0.0166366
0.218	0.0156042	0.0166702
0.219	0.0156046	0.0167019
0.22	0.0156033	0.0167322
0.221	0.0156003	0.0167606
0.222	0.0155956	0.0167873
0.223	0.0155893	0.0168123
0.224	0.0155813	0.0168355
0.225	0.0155716	0.0168569
0.226	0.0155603	0.0168767
0.227	0.0155473	0.0168946
0.228	0.0155327	0.0169106
0.229	0.0155164	0.0169249
0.23	0.0154985	0.0169375
0.231	0.0154789	0.0169482
0.232	0.0154576	0.0169573
0.233	0.0154347	0.0169644
0.234	0.0154102	0.0169694
0.235	0.015384	0.016973
0.236	0.0153561	0.0169747
0.237	0.0153266	0.0169744
0.238	0.0152955	0.0169723
0.239	0.0152627	0.0169683
0.24	0.0152283	0.0169625
0.241	0.0151923	0.0169549
0.242	0.0151546	0.0169454
0.243	0.0151153	0.0169339
0.244	0.0150743	0.0169208
0.245	0.0150318	0.0169058
0.246	0.0149876	0.0168889
0.247	0.0149417	0.01687
0.248	0.0148943	0.0168493
0.249	0.0148452	0.0168266
0.25	0.0147945	0.0168021
0.251	0.0147422	0.0167756
0.252	0.0146882	0.0167472
0.253	0.0146327	0.0167174
0.254	0.0145755	0.0166852
0.255	0.0145168	0.0166514
0.256	0.0144564	0.0166156
0.257	0.0143944	0.0165782
0.258	0.0143308	0.0165389
0.259	0.0142655	0.0164974
0.26	0.0141987	0.0164542
0.261	0.0141303	0.0164092
0.262	0.0140603	0.0163622
0.263	0.0139887	0.0163133
0.264	0.0139155	0.0162625
0.265	0.0138407	0.0162098
0.266	0.0137643	0.0161552
0.267	0.0136863	0.0160987
0.268	0.0136067	0.0160403
0.269	0.0135255	0.0159802
0.27	0.0134427	0.0159185
0.271	0.0133584	0.0158548
0.272	0.0132725	0.0157893
0.273	0.013185	0.0157218
0.274	0.0130959	0.0156524
0.275	0.0130052	0.0155811
0.276	0.0129129	0.0155079
0.277	0.0128191	0.0154328
0.278	0.0127237	0.0153561
0.279	0.0126268	0.0152774
0.28	0.0125282	0.015197
0.281	0.0124281	0.0151148
0.282	0.0123265	0.0150306
0.283	0.0122232	0.0149446
0.284	0.0121184	0.0148568
0.285	0.0120121	0.0147674
0.286	0.0119041	0.0146761
0.287	0.0117947	0.0145829
0.288	0.0116836	0.0144877
0.289	0.0115711	0.0143909
0.29	0.0114569	0.0142925
0.291	0.0113412	0.0141921
0.292	0.011224	0.0140898
0.293	0.0111052	0.0139856
0.294	0.0109849	0.01388
0.295	0.010863	0.0137725
0.296	0.0107396	0.0136631
0.297	0.0106146	0.0135517
0.298	0.0104881	0.0134389
0.299	0.0103601	0.0133243
0.3	0.0102305	0.0132077
0.301	0.0100994	0.0130892
0.302	0.00996677	0.0129693
0.303	0.0098326	0.0128474
0.304	0.00969691	0.0127239
0.305	0.00955969	0.0125988
0.306	0.00942094	0.0124717
0.307	0.00928067	0.0123429
0.308	0.00913887	0.0122125
0.309	0.00899556	0.0120802
0.31	0.00885073	0.0119462
0.311	0.00870438	0.0118105
0.312	0.00855652	0.0116732
0.313	0.00840715	0.0115342
0.314	0.00825626	0.0113933
0.315	0.00810386	0.0112507
0.316	0.00794996	0.0111065
0.317	0.00779454	0.0109603
0.318	0.00763763	0.0108128
0.319	0.00747921	0.0106633
0.32	0.00731929	0.0105124
0.321	0.00715787	0.0103595
0.322	0.00699495	0.010205
0.323	0.00683054	0.0100489
0.324	0.00666463	0.00989103
0.325	0.00649723	0.00973153
0.326	0.00632834	0.00957012
0.327	0.00615796	0.00940728
0.328	0.00598609	0.00924301
0.329	0.00581274	0.00907683
0.33	0.0056379	0.00890899
0.331	0.00546158	0.00873947
0.332	0.00528378	0.00856829
0.333	0.0051045	0.00839543
0.334	0.00492375	0.00822091
0.335	0.00474151	0.00804472
0.336	0.00455781	0.0078671
0.337	0.00437263	0.00768757
0.338	0.00418598	0.00750661
0.339	0.00399786	0.00732374
0.34	0.00380828	0.00713944
0.341	0.00361723	0.00695372
0.342	0.00342472	0.00676608
0.343	0.00323075	0.00657701
0.344	0.00303531	0.00638628
0.345	0.00283842	0.00619388
0.346	0.00264007	0.00600004
0.347	0.00244026	0.00580454
0.348	0.00223901	0.00560737
0.349	0.0020363	0.00540876
0.35	0.00183214	0.00520825
0.351	0.00162653	0.00500631
0.352	0.00141948	0.0048027
0.353	0.00121098	0.00459743
0.354	0.00100104	0.00439072
0.355	0.00078966	0.00418258
0.356	0.000576839	0.00397277
0.357	0.00036258	0.00376129
0.358	0.000146885	0.00354838
0.359	-7.02446e-05	0.00333381
0.36	-0.000288807	0.00311804
0.361	-0.0005088	0.00290036
0.362	-0.000730222	0.00268126
0.363	-0.000953071	0.00246048
0.364	-0.00117735	0.00223827
0.365	-0.00140305	0.00201464
0.366	-0.00163017	0.00178933
0.367	-0.00185871	0.0015626
0.368	-0.00208867	0.00133443
0.369	-0.00232005	0.00110435
0.37	-0.00255284	0.00087285
0.371	-0.00278705	0.000639915
0.372	-0.00302267	0.00040555
0.373	-0.0032597	0.000169754
0.374	-0.00349814	-6.77109e-05
0.375	-0.00373799	-0.000306606
0.376	-0.00397924	-0.000547171
0.377	-0.00422189	-0.000789165
0.378	-0.00446595	-0.00103259
0.379	-0.00471141	-0.00127745
0.38	-0.00495826	-0.00152397
0.381	-0.00520651	-0.00177193
0.382	-0.00545616	-0.00202131
0.383	-0.0057072	-0.00227237
0.384	-0.00595963	-0.00252485
0.385	-0.00621345	-0.00277877
0.386	-0.00646866	-0.00303411
0.387	-0.00672525	-0.00329089
0.388	-0.00698323	-0.0035491
0.389	-0.0072426	-0.00380874
0.39	-0.00750334	-0.00406981
0.391	-0.00776546	-0.0043323
0.392	-0.00802896	-0.00459647
0.393	-0.00829384	-0.00486207
0.394	-0.00856009	-0.0051291
0.395	-0.00882772	-0.0053978
0.396	-0.00909671	-0.00566792
0.397	-0.00936708	-0.00593925
0.398	-0.00963881	-0.006212
0.399	-0.00991191	-0.00648642
0.4	-0.0101864	-0.00676227
0.401	-0.0104622	-0.00703955
0.402	-0.0107394	-0.00731826
0.403	-0.0110179	-0.00759816
0.404	-0.0112978	-0.00787973
0.405	-0.0115791	-0.00816274
0.406	-0.0118617	-0.00844693
0.407	-0.0121457	-0.00873256
0.408	-0.012431	-0.00901985
0.409	-0.0127176	-0.00930834
0.41	-0.0130056	-0.00959802
0.411	-0.013295	-0.00988936
0.412	-0.0135857	-0.0101821
0.413	-0.0138777	-0.0104764
0.414	-0.0141711	-0.0107718
0.415	-0.0144658	-0.0110688
0.416	-0.0147619	-0.0113671
0.417	-0.0150593	-0.0116668
0.418	-0.015358	-0.0119679
0.419	-0.015658	-0.0122705
0.42	-0.0159594	-0.0125744
0.421	-0.0162621	-0.0128796
0.422	-0.0165662	-0.0131862
0.423	-0.0168715	-0.0134943
0.424	-0.0171782	-0.0138037
0.425	-0.0174862	-0.0141144
0.426	-0.0177955	-0.0144265
0.427	-0.0181062	-0.01474
0.428	-0.0184182	-0.0150549
0.429	-0.0187314	-0.0153711
0.43	-0.019046	-0.0156887
0.431	-0.0193619	-0.0160074
0.432	-0.0196791	-0.0163276
0.433	-0.0199976	-0.0166492
0.434	-0.0203175	-0.0169723
0.435	-0.0206386	-0.0172968
0.436	-0.020961	-0.0176225
0.437	-0.0212847	-0.0179496
0.438	-0.0216098	-0.0182779
0.439	-0.0219361	-0.0186076
0.44	-0.0222637	-0.0189388
0.441	-0.0225926	-0.0192711
0.442	-0.0229228	-0.0196047
0.443	-0.0232543	-0.0199397
0.444	-0.0235871	-0.0202761
0.445	-0.0239212	-0.0206137
0.446	-0.0242565	-0.0209527
0.447	-0.0245932	-0.0212929
0.448	-0.0249311	-0.0216346
0.449	-0.0252703	-0.0219777
0.45	-0.0256108	-0.0223219
0.451	-0.0259525	-0.0226674
0.452	-0.0262956	-0.0230143
0.453	-0.0266399	-0.0233624
0.454	-0.0269854	-0.0237119
0.455	-0.0273323	-0.0240626
0.456	-0.0276804	-0.0244148
0.457	-0.0280298	-0.0247684
0.458	-0.0283804	-0.0251231
0.459	-0.0287323	-0.0254791
0.46	-0.0290855	-0.0258365
0.461	-0.0294399	-0.026195
0.462	-0.0297956	-0.0265548
0.463	-0.0301526	-0.026916
0.464	-0.0305108	-0.0272784
0.465	-0.0308702	-0.027642
0.466	-0.0312309	-0.028007
0.467	-0.0315929	-0.0283732
0.468	-0.0319561	-0.0287406
0.469	-0.0323205	-0.0291095
0.47	-0.0326862	-0.0294797
0.471	-0.0330531	-0.0298512
0.472	-0.0334213	-0.0302238
0.473	-0.0337907	-0.0305977
0.474	-0.0341613	-0.0309727
0.475	-0.0345332	-0.0313492
0.476	-0.0349063	-0.0317268
0.477	-0.0352807	-0.0321057
0.478	-0.0356563	-0.032486
0.479	-0.0360331	-0.0328674
0.48	-0.0364111	-0.0332501
0.481	-0.0367904	-0.0336339
0.482	-0.0371709	-0.034019
0.483	-0.0375526	-0.0344055
0.484	-0.0379355	-0.0347931
0.485	-0.0383196	-0.035182
0.486	-0.038705	-0.0355721
0.487	-0.0390916	-0.0359633
0.488	-0.0394794	-0.036356
0.489	-0.0398684	-0.0367498
0.49	-0.0402586	-0.0371449
0.491	-0.04065	-0.0375412
0.492	-0.0410426	-0.0379386
0.493	-0.0414364	-0.0383375
0.494	-0.0418315	-0.0387373
0.495	-0.0422277	-0.0391386
0.496	-0.0426251	-0.0395408
0.497	-0.0430238	-0.0399444
0.498	-0.0434236	-0.0403492
0.499	-0.0438246	-0.0407553
0.5	-0.0442268	-0.0411627
0.501	-0.0446302	-0.0415711
0.502	-0.0450348	-0.041981
0.503	-0.0454406	-0.042392
0.504	-0.0458476	-0.0428042
0.505	-0.0462557	-0.0432174
0.506	-0.046665	-0.043632
0.507	-0.0470756	-0.0440476
0.508	-0.0474873	-0.0444646
0.509	-0.0479001	-0.0448825
0.51	-0.0483142	-0.0453019
0.511	-0.0487294	-0.0457222
0.512	-0.0491458	-0.046144
0.513	-0.0495633	-0.0465667
0.514	-0.0499821	-0.0469909
0.515	-0.050402	-0.047416
0.516	-0.050823	-0.0478423
0.517	-0.0512453	-0.0482697
0.518	-0.0516687	-0.0486984
0.519	-0.0520932	-0.0491283
0.52	-0.0525189	-0.0495591
0.521	-0.0529458	-0.0499914
0.522	-0.0533738	-0.0504246
0.523	-0.053803	-0.0508592
0.524	-0.0542333	-0.0512948
0.525	-0.0546648	-0.0517318
0.526	-0.0550974	-0.0521698
0.527	-0.0555311	-0.052609
0.528	-0.0559661	-0.0530493
0.529	-0.0564021	-0.0534909
0.53	-0.0568393	-0.0539336
0.531	-0.0572776	-0.0543773
0.532	-0.0577171	-0.0548224
0.533	-0.0581577	-0.0552685
0.534	-0.0585995	-0.0557156
0.535	-0.0590424	-0.056164
0.536	-0.0594864	-0.0566134
0.537	-0.0599315	-0.0570643
0.538	-0.0603778	-0.0575161
0.539	-0.0608252	-0.0579691
0.54	-0.0612737	-0.0584233
0.541	-0.0617233	-0.0588784
0.542	-0.0621741	-0.0593348
0.543	-0.0626259	-0.0597923
0.544	-0.0630789	-0.0602508
0.545	-0.063533	-0.0607104
0.546	-0.0639883	-0.0611713
0.547	-0.0644446	-0.0616331
0.548	-0.064902	-0.0620964
0.549	-0.0653606	-0.0625606
0.55	-0.0658203	-0.0630257
0.551	-0.066281	-0.0634921
0.552	-0.0667429	-0.0639596
0.553	-0.0672059	-0.0644281
0.554	-0.0676699	-0.0648978
0.555	-0.0681351	-0.0653687
0.556	-0.0686014	-0.0658405
0.557	-0.0690687	-0.0663137
0.558	-0.0695372	-0.066788
0.559	-0.0700068	-0.0672631
0.56	-0.0704774	-0.0677392
0.561	-0.0709491	-0.0682168
0.562	-0.0714219	-0.0686953
0.563	-0.0718958	-0.069175
0.564	-0.0723708	-0.0696559
0.565	-0.0728469	-0.0701377
0.566	-0.073324	-0.0706205
0.567	-0.0738022	-0.0711043
0.568	-0.0742815	-0.0715895
0.569	-0.0747619	-0.0720756
0.57	-0.0752433	-0.0725627
0.571	-0.0757258	-0.073051
0.572	-0.0762094	-0.0735404
0.573	-0.0766941	-0.0740309
0.574	-0.0771798	-0.0745223
