0.13	-0.519138	-0.519138
0.131	-0.519103	-0.519102
0.132	-0.519068	-0.519067
0.133	-0.519035	-0.519031
0.134	-0.519003	-0.518996
0.135	-0.518971	-0.51896
0.136	-0.51894	-0.518925
0.137	-0.51891	-0.51889
0.138	-0.518881	-0.518855
0.139	-0.518853	-0.51882
0.14	-0.518826	-0.518786
0.141	-0.518799	-0.518752
0.142	-0.518773	-0.518717
0.143	-0.518749	-0.518684
0.144	-0.518725	-0.518651
0.145	-0.518702	-0.518618
0.146	-0.518679	-0.518585
0.147	-0.518658	-0.518553
0.148	-0.518637	-0.518521
0.149	-0.518618	-0.51849
0.15	-0.518599	-0.518459
0.151	-0.518581	-0.518429
0.152	-0.518564	-0.518399
0.153	-0.518547	-0.518371
0.154	-0.518532	-0.518342
0.155	-0.518517	-0.518314
0.156	-0.518503	-0.518287
0.157	-0.51849	-0.51826
0.158	-0.518478	-0.518234
0.159	-0.518467	-0.518208
0.16	-0.518457	-0.518183
0.161	-0.518447	-0.518159
0.162	-0.518438	-0.518135
0.163	-0.51843	-0.518113
0.164	-0.518423	-0.51809
0.165	-0.518417	-0.518069
0.166	-0.518412	-0.518048
0.167	-0.518407	-0.518028
0.168	-0.518403	-0.518009
0.169	-0.5184	-0.517991
0.17	-0.518398	-0.517973
0.171	-0.518397	-0.517956
0.172	-0.518397	-0.51794
0.173	-0.518397	-0.517924
0.174	-0.518398	-0.51791
0.175	-0.5184	-0.517896
0.176	-0.518403	-0.517883
0.177	-0.518407	-0.517871
0.178	-0.518411	-0.51786
0.179	-0.518417	-0.51785
0.18	-0.518423	-0.51784
0.181	-0.51843	-0.517831
0.182	-0.518438	-0.517823
0.183	-0.518446	-0.517816
0.184	-0.518456	-0.51781
0.185	-0.518466	-0.517805
0.186	-0.518477	-0.5178
0.187	-0.518489	-0.517797
0.188	-0.518502	-0.517794
0.189	-0.518515	-0.517792
0.19	-0.518529	-0.517791
0.191	-0.518545	-0.517791
0.192	-0.518561	-0.517792
0.193	-0.518577	-0.517794
0.194	-0.518595	-0.517797
0.195	-0.518613	-0.5178
0.196	-0.518633	-0.517805
0.197	-0.518653	-0.51781
0.198	-0.518673	-0.517817
0.199	-0.518695	-0.517824
0.2	-0.518717	-0.517832
0.201	-0.518741	-0.517841
0.202	-0.518765	-0.517851
0.203	-0.518789	-0.517862
0.204	-0.518815	-0.517874
0.205	-0.518842	-0.517887
0.206	-0.518869	-0.5179
0.207	-0.518897	-0.517915
0.208	-0.518926	-0.51793
0.209	-0.518955	-0.517947
0.21	-0.518986	-0.517964
0.211	-0.519017	-0.517983
0.212	-0.519049	-0.518002
0.213	-0.519082	-0.518022
0.214	-0.519115	-0.518043
0.215	-0.51915	-0.518065
0.216	-0.519185	-0.518088
0.217	-0.519221	-0.518112
0.218	-0.519258	-0.518137
0.219	-0.519295	-0.518163
0.22	-0.519334	-0.518189
0.221	-0.519373	-0.518217
0.222	-0.519413	-0.518245
0.223	-0.519453	-0.518274
0.224	-0.519495	-0.518305
0.225	-0.519537	-0.518336
0.226	-0.51958	-0.518368
0.227	-0.519624	-0.518401
0.228	-0.519669	-0.518435
0.229	-0.519714	-0.51847
0.23	-0.51976	-0.518506
0.231	-0.519807	-0.518543
0.232	-0.519855	-0.51858
0.233	-0.519903	-0.518619
0.234	-0.519953	-0.518659
0.235	-0.520003	-0.518699
0.236	-0.520053	-0.51874
0.237	-0.520105	-0.518782
0.238	-0.520157	-0.518826
0.239	-0.520211	-0.51887
0.24	-0.520265	-0.518915
0.241	-0.520319	-0.51896
0.242	-0.520375	-0.519007
0.243	-0.520431	-0.519055
0.244	-0.520488	-0.519103
0.245	-0.520546	-0.519153
0.246	-0.520604	-0.519203
0.247	-0.520663	-0.519254
0.248	-0.520724	-0.519307
0.249	-0.520784	-0.519359
0.25	-0.520846	-0.519413
0.251	-0.520908	-0.519468
0.252	-0.520971	-0.519524
0.253	-0.521035	-0.51958
0.254	-0.5211	-0.519638
0.255	-0.521165	-0.519696
0.256	-0.521231	-0.519756
0.257	-0.521298	-0.519816
0.258	-0.521366	-0.519877
0.259	-0.521434	-0.519939
0.26	-0.521504	-0.520001
0.261	-0.521573	-0.520065
0.262	-0.521644	-0.52013
0.263	-0.521716	-0.520195
0.264	-0.521788	-0.520261
0.265	-0.521861	-0.520328
0.266	-0.521934	-0.520396
0.267	-0.522009	-0.520465
0.268	-0.522084	-0.520535
0.269	-0.52216	-0.520605
0.27	-0.522236	-0.520676
0.271	-0.522314	-0.520748
0.272	-0.522392	-0.520822
0.273	-0.522471	-0.520896
0.274	-0.522551	-0.52097
0.275	-0.522631	-0.521046
0.276	-0.522712	-0.521122
0.277	-0.522794	-0.5212
0.278	-0.522876	-0.521278
0.279	-0.52296	-0.521357
0.28	-0.523044	-0.521437
0.281	-0.523129	-0.521517
0.282	-0.523214	-0.521598
0.283	-0.5233	-0.521681
0.284	-0.523387	-0.521764
0.285	-0.523475	-0.521848
0.286	-0.523564	-0.521932
0.287	-0.523653	-0.522018
0.288	-0.523743	-0.522104
0.289	-0.523834	-0.522192
0.29	-0.523925	-0.52228
0.291	-0.524017	-0.522369
0.292	-0.52411	-0.522458
0.293	-0.524203	-0.522548
0.294	-0.524298	-0.52264
0.295	-0.524393	-0.522732
0.296	-0.524489	-0.522825
0.297	-0.524585	-0.522919
0.298	-0.524682	-0.523013
0.299	-0.52478	-0.523109
0.3	-0.524879	-0.523205
0.301	-0.524978	-0.523301
0.302	-0.525078	-0.523399
0.303	-0.525179	-0.523497
0.304	-0.52528	-0.523597
0.305	-0.525383	-0.523697
0.306	-0.525486	-0.523798
0.307	-0.525589	-0.523899
0.308	-0.525694	-0.524001
0.309	-0.525799	-0.524105
0.31	-0.525904	-0.524209
0.311	-0.526011	-0.524313
0.312	-0.526118	-0.524419
0.313	-0.526226	-0.524526
0.314	-0.526335	-0.524632
0.315	-0.526444	-0.52474
0.316	-0.526554	-0.524849
0.317	-0.526665	-0.524958
0.318	-0.526776	-0.525069
0.319	-0.526888	-0.52518
0.32	-0.527001	-0.525291
0.321	-0.527115	-0.525404
0.322	-0.527229	-0.525517
0.323	-0.527344	-0.525631
0.324	-0.52746	-0.525746
0.325	-0.527576	-0.525861
0.326	-0.527693	-0.525977
0.327	-0.527811	-0.526094
0.328	-0.527929	-0.526212
0.329	-0.528049	-0.52633
0.33	-0.528168	-0.52645
0.331	-0.528289	-0.526569
0.332	-0.52841	-0.52669
0.333	-0.528532	-0.526812
0.334	-0.528655	-0.526934
0.335	-0.528778	-0.527057
0.336	-0.528902	-0.527181
0.337	-0.529027	-0.527305
0.338	-0.529152	-0.52743
0.339	-0.529278	-0.527556
0.34	-0.529405	-0.527683
0.341	-0.529532	-0.52781
0.342	-0.529661	-0.527938
0.343	-0.529789	-0.528067
0.344	-0.529919	-0.528197
0.345	-0.530049	-0.528327
0.346	-0.53018	-0.528458
0.347	-0.530311	-0.52859
0.348	-0.530444	-0.528722
0.349	-0.530576	-0.528855
0.35	-0.53071	-0.528989
0.351	-0.530844	-0.529124
0.352	-0.530979	-0.529259
0.353	-0.531115	-0.529395
0.354	-0.531251	-0.529532
0.355	-0.531388	-0.529669
0.356	-0.531526	-0.529807
0.357	-0.531664	-0.529946
0.358	-0.531803	-0.530086
0.359	-0.531943	-0.530226
0.36	-0.532083	-0.530367
0.361	-0.532224	-0.530509
0.362	-0.532365	-0.530651
0.363	-0.532508	-0.530794
0.364	-0.532651	-0.530938
0.365	-0.532794	-0.531083
0.366	-0.532939	-0.531227
0.367	-0.533084	-0.531373
0.368	-0.533229	-0.53152
0.369	-0.533376	-0.531667
0.37	-0.533523	-0.531815
0.371	-0.53367	-0.531963
0.372	-0.533818	-0.532113
0.373	-0.533967	-0.532263
0.374	-0.534117	-0.532413
0.375	-0.534267	-0.532565
0.376	-0.534418	-0.532717
0.377	-0.53457	-0.53287
0.378	-0.534722	-0.533023
0.379	-0.534875	-0.533177
0.38	-0.535028	-0.533332
0.381	-0.535182	-0.533487
0.382	-0.535337	-0.533643
0.383	-0.535493	-0.5338
0.384	-0.535649	-0.533958
0.385	-0.535806	-0.534116
0.386	-0.535963	-0.534275
0.387	-0.536121	-0.534434
0.388	-0.53628	-0.534594
0.389	-0.536439	-0.534755
0.39	-0.536599	-0.534917
0.391	-0.53676	-0.535078
0.392	-0.536921	-0.535241
0.393	-0.537083	-0.535405
0.394	-0.537246	-0.535569
0.395	-0.537409	-0.535733
0.396	-0.537573	-0.535899
0.397	-0.537737	-0.536065
0.398	-0.537902	-0.536232
0.399	-0.538068	-0.536399
0.4	-0.538234	-0.536567
0.401	-0.538401	-0.536736
0.402	-0.538569	-0.536905
0.403	-0.538737	-0.537075
0.404	-0.538906	-0.537246
0.405	-0.539076	-0.537417
0.406	-0.539246	-0.537589
0.407	-0.539417	-0.537762
0.408	-0.539588	-0.537935
0.409	-0.53976	-0.538109
0.41	-0.539933	-0.538283
0.411	-0.540106	-0.538459
0.412	-0.54028	-0.538634
0.413	-0.540455	-0.538811
0.414	-0.54063	-0.538988
0.415	-0.540806	-0.539166
0.416	-0.540982	-0.539344
0.417	-0.541159	-0.539523
0.418	-0.541337	-0.539703
0.419	-0.541515	-0.539883
0.42	-0.541694	-0.540064
0.421	-0.541874	-0.540245
0.422	-0.542054	-0.540427
0.423	-0.542235	-0.54061
0.424	-0.542416	-0.540793
0.425	-0.542598	-0.540977
0.426	-0.542781	-0.541162
0.427	-0.542964	-0.541347
0.428	-0.543148	-0.541533
0.429	-0.543332	-0.54172
0.43	-0.543517	-0.541907
0.431	-0.543703	-0.542095
0.432	-0.543889	-0.542283
0.433	-0.544076	-0.542472
0.434	-0.544264	-0.542662
0.435	-0.544452	-0.542852
0.436	-0.544641	-0.543043
0.437	-0.54483	-0.543235
0.438	-0.54502	-0.543427
0.439	-0.54521	-0.54362
0.44	-0.545402	-0.543813
0.441	-0.545593	-0.544007
0.442	-0.545786	-0.544202
0.443	-0.545979	-0.544397
0.444	-0.546172	-0.544593
0.445	-0.546366	-0.544789
0.446	-0.546561	-0.544986
0.447	-0.546756	-0.545184
0.448	-0.546952	-0.545382
0.449	-0.547149	-0.545581
0.45	-0.547346	-0.54578
0.451	-0.547543	-0.54598
0.452	-0.547742	-0.54618
0.453	-0.547941	-0.546382
0.454	-0.54814	-0.546583
0.455	-0.54834	-0.546786
0.456	-0.548541	-0.546989
0.457	-0.548742	-0.547192
0.458	-0.548944	-0.547397
0.459	-0.549146	-0.547602
0.46	-0.549349	-0.547807
0.461	-0.549553	-0.548013
0.462	-0.549757	-0.54822
0.463	-0.549962	-0.548427
0.464	-0.550167	-0.548634
0.465	-0.550373	-0.548843
0.466	-0.550579	-0.549052
0.467	-0.550786	-0.549261
0.468	-0.550994	-0.549471
0.469	-0.551202	-0.549682
0.47	-0.551411	-0.549893
0.471	-0.55162	-0.550105
0.472	-0.55183	-0.550317
0.473	-0.552041	-0.55053
0.474	-0.552252	-0.550744
0.475	-0.552464	-0.550958
0.476	-0.552676	-0.551173
0.477	-0.552889	-0.551388
0.478	-0.553102	-0.551604
0.479	-0.553316	-0.55182
0.48	-0.553531	-0.552037
0.481	-0.553746	-0.552255
0.482	-0.553961	-0.552473
0.483	-0.554177	-0.552692
0.484	-0.554394	-0.552911
0.485	-0.554612	-0.553131
0.486	-0.554829	-0.553351
0.487	-0.555048	-0.553572
0.488	-0.555267	-0.553794
0.489	-0.555487	-0.554016
0.49	-0.555707	-0.554238
0.491	-0.555927	-0.554461
0.492	-0.556149	-0.554685
0.493	-0.55637	-0.55491
0.494	-0.556593	-0.555134
0.495	-0.556816	-0.55536
0.496	-0.557039	-0.555586
0.497	-0.557263	-0.555812
0.498	-0.557488	-0.556039
0.499	-0.557713	-0.556267
0.5	-0.557939	-0.556495
0.501	-0.558165	-0.556724
0.502	-0.558392	-0.556954
0.503	-0.558619	-0.557183
0.504	-0.558847	-0.557414
0.505	-0.559075	-0.557644
0.506	-0.559304	-0.557876
0.507	-0.559534	-0.558108
0.508	-0.559764	-0.558341
0.509	-0.559995	-0.558574
0.51	-0.560226	-0.558808
0.511	-0.560458	-0.559042
0.512	-0.56069	-0.559277
0.513	-0.560923	-0.559512
0.514	-0.561156	-0.559748
0.515	-0.56139	-0.559984
0.516	-0.561624	-0.560221
0.517	-0.561859	-0.560459
0.518	-0.562095	-0.560696
0.519	-0.562331	-0.560935
0.52	-0.562567	-0.561174
0.521	-0.562804	-0.561413
0.522	-0.563042	-0.561653
0.523	-0.56328	-0.561894
0.524	-0.563519	-0.562135
0.525	-0.563758	-0.562377
0.526	-0.563998	-0.562619
0.527	-0.564238	-0.562862
0.528	-0.564479	-0.563105
0.529	-0.56472	-0.563349
0.53	-0.564962	-0.563594
0.531	-0.565204	-0.563839
0.532	-0.565447	-0.564084
0.533	-0.56569	-0.56433
0.534	-0.565934	-0.564576
0.535	-0.566179	-0.564824
0.536	-0.566424	-0.565071
0.537	-0.566669	-0.565319
0.538	-0.566915	-0.565568
0.539	-0.567162	-0.565817
0.54	-0.567409	-0.566067
0.541	-0.567656	-0.566317
0.542	-0.567904	-0.566567
0.543	-0.568153	-0.566818
0.544	-0.568402	-0.56707
0.545	-0.568652	-0.567322
0.546	-0.568902	-0.567575
0.547	-0.569153	-0.567828
0.548	-0.569404	-0.568081
0.549	-0.569655	-0.568336
0.55	-0.569908	-0.56859
0.551	-0.57016	-0.568846
0.552	-0.570413	-0.569101
0.553	-0.570667	-0.569358
0.554	-0.570921	-0.569615
0.555	-0.571176	-0.569872
0.556	-0.571431	-0.57013
0.557	-0.571687	-0.570388
0.558	-0.571943	-0.570647
0.559	-0.5722	-0.570906
0.56	-0.572457	-0.571165
0.561	-0.572715	-0.571426
0.562	-0.572973	-0.571686
0.563	-0.573232	-0.571948
0.564	-0.573491	-0.57221
0.565	-0.573751	-0.572472
0.566	-0.574011	-0.572734
0.567	-0.574272	-0.572998
0.568	-0.574533	-0.573261
0.569	-0.574795	-0.573526
0.57	-0.575057	-0.573791
0.571	-0.575319	-0.574056
0.572	-0.575583	-0.574322
0.573	-0.575846	-0.574588
0.574	-0.57611	-0.574854
0.575	-0.576375	-0.575122
0.576	-0.57664	-0.575389
0.577	-0.576906	-0.575657
0.578	-0.577172	-0.575926
0.579	-0.577438	-0.576195
0.58	-0.577705	-0.576465
0.581	-0.577973	-0.576735
0.582	-0.578241	-0.577005
0.583	-0.578509	-0.577276
0.584	-0.578778	-0.577548
0.585	-0.579048	-0.57782
0.586	-0.579318	-0.578092
0.587	-0.579588	-0.578365
0.588	-0.579859	-0.578638
0.589	-0.58013	-0.578912
0.59	-0.580402	-0.579186
0.591	-0.580675	-0.579461
0.592	-0.580947	-0.579736
0.593	-0.581221	-0.580012
0.594	-0.581494	-0.580288
0.595	-0.581769	-0.580565
0.596	-0.582043	-0.580842
0.597	-0.582318	-0.58112
0.598	-0.582594	-0.581398
0.599	-0.58287	-0.581677
0.6	-0.583147	-0.581956
0.601	-0.583424	-0.582235
0.602	-0.583701	-0.582515
0.603	-0.583979	-0.582796
0.604	-0.584258	-0.583077
0.605	-0.584536	-0.583358
0.606	-0.584816	-0.58364
0.607	-0.585095	-0.583922
0.608	-0.585376	-0.584205
0.609	-0.585656	-0.584488
0.61	-0.585938	-0.584771
0.611	-0.586219	-0.585055
0.612	-0.586501	-0.58534
0.613	-0.586784	-0.585625
0.614	-0.587067	-0.58591
0.615	-0.58735	-0.586196
0.616	-0.587634	-0.586482
0.617	-0.587919	-0.586769
0.618	-0.588203	-0.587056
0.619	-0.588489	-0.587344
0.62	-0.588774	-0.587632
0.621	-0.58906	-0.587921
0.622	-0.589347	-0.58821
0.623	-0.589634	-0.588499
0.624	-0.589922	-0.588789
0.625	-0.59021	-0.589079
0.626	-0.590498	-0.58937
0.627	-0.590787	-0.589661
0.628	-0.591076	-0.589953
0.629	-0.591366	-0.590245
0.63	-0.591656	-0.590538
0.631	-0.591946	-0.590831
0.632	-0.592237	-0.591124
0.633	-0.592529	-0.591418
0.634	-0.592821	-0.591713
0.635	-0.593113	-0.592008
0.636	-0.593406	-0.592303
0.637	-0.593699	-0.592598
0.638	-0.593993	-0.592894
0.639	-0.594287	-0.593191
0.64	-0.594581	-0.593488
0.641	-0.594876	-0.593785
0.642	-0.595172	-0.594083
0.643	-0.595468	-0.594381
0.644	-0.595764	-0.594679
0.645	-0.596061	-0.594978
0.646	-0.596358	-0.595278
0.647	-0.596655	-0.595578
0.648	-0.596953	-0.595878
0.649	-0.597251	-0.596178
0.65	-0.59755	-0.59648
0.651	-0.59785	-0.596781
0.652	-0.598149	-0.597083
0.653	-0.598449	-0.597386
0.654	-0.59875	-0.597689
0.655	-0.599051	-0.597992
0.656	-0.599352	-0.598296
0.657	-0.599654	-0.5986
0.658	-0.599956	-0.598904
0.659	-0.600258	-0.599209
0.66	-0.600561	-0.599514
0.661	-0.600865	-0.59982
0.662	-0.601169	-0.600126
0.663	-0.601473	-0.600433
0.664	-0.601778	-0.60074
0.665	-0.602083	-0.601047
0.666	-0.602388	-0.601355
0.667	-0.602694	-0.601663
0.668	-0.603	-0.601972
0.669	-0.603307	-0.602281
0.67	-0.603614	-0.60259
0.671	-0.603922	-0.6029
0.672	-0.60423	-0.60321
0.673	-0.604538	-0.603521
0.674	-0.604847	-0.603832
0.675	-0.605156	-0.604143
0.676	-0.605465	-0.604455
0.677	-0.605775	-0.604767
0.678	-0.606086	-0.60508
0.679	-0.606396	-0.605393
0.68	-0.606707	-0.605706
0.681	-0.607019	-0.60602
0.682	-0.607331	-0.606334
0.683	-0.607643	-0.606649
0.684	-0.607956	-0.606964
0.685	-0.608269	-0.607279
0.686	-0.608583	-0.607595
0.687	-0.608897	-0.607911
0.688	-0.609211	-0.608228
0.689	-0.609526	-0.608545
0.69	-0.609841	-0.608862
0.691	-0.610156	-0.60918
0.692	-0.610472	-0.609498
0.693	-0.610788	-0.609816
0.694	-0.611105	-0.610135
0.695	-0.611422	-0.610454
0.696	-0.611739	-0.610774
0.697	-0.612057	-0.611094
0.698	-0.612375	-0.611415
0.699	-0.612694	-0.611736
0.7	-0.613013	-0.612057
0.701	-0.613332	-0.612378
0.702	-0.613652	-0.6127
0.703	-0.613972	-0.613023
0.704	-0.614292	-0.613345
0.705	-0.614613	-0.613668
0.706	-0.614934	-0.613992
0.707	-0.615256	-0.614315
0.708	-0.615578	-0.61464
0.709	-0.6159	-0.614964
0.71	-0.616223	-0.615289
0.711	-0.616546	-0.615614
0.712	-0.61687	-0.61594
0.713	-0.617193	-0.616266
0.714	-0.617518	-0.616592
0.715	-0.617842	-0.616919
0.716	-0.618167	-0.617246
0.717	-0.618492	-0.617573
0.718	-0.618818	-0.617901
0.719	-0.619144	-0.61823
0.72	-0.619471	-0.618558
0.721	-0.619797	-0.618887
0.722	-0.620124	-0.619216
0.723	-0.620452	-0.619546
0.724	-0.62078	-0.619876
0.725	-0.621108	-0.620206
0.726	-0.621437	-0.620537
0.727	-0.621766	-0.620868
0.728	-0.622095	-0.621199
0.729	-0.622424	-0.621531
0.73	-0.622754	-0.621863
0.731	-0.623085	-0.622196
0.732	-0.623416	-0.622529
0.733	-0.623747	-0.622862
0.734	-0.624078	-0.623195
0.735	-0.62441	-0.623529
0.736	-0.624742	-0.623863
0.737	-0.625075	-0.624198
0.738	-0.625407	-0.624533
0.739	-0.625741	-0.624868
0.74	-0.626074	-0.625204
0.741	-0.626408	-0.62554
0.742	-0.626742	-0.625876
0.743	-0.627077	-0.626212
0.744	-0.627412	-0.626549
0.745	-0.627747	-0.626887
0.746	-0.628083	-0.627224
0.747	-0.628418	-0.627562
0.748	-0.628755	-0.6279
0.749	-0.629091	-0.628239
0.75	-0.629428	-0.628578
0.751	-0.629766	-0.628918
0.752	-0.630103	-0.629257
0.753	-0.630441	-0.629597
0.754	-0.63078	-0.629938
0.755	-0.631118	-0.630278
0.756	-0.631457	-0.630619
0.757	-0.631797	-0.630961
0.758	-0.632136	-0.631302
0.759	-0.632476	-0.631644
0.76	-0.632817	-0.631986
0.761	-0.633157	-0.632329
0.762	-0.633498	-0.632672
0.763	-0.63384	-0.633016
0.764	-0.634181	-0.633359
0.765	-0.634523	-0.633703
0.766	-0.634865	-0.634047
0.767	-0.635208	-0.634392
0.768	-0.635551	-0.634737
0.769	-0.635894	-0.635082
0.77	-0.636238	-0.635428
0.771	-0.636582	-0.635774
0.772	-0.636926	-0.63612
0.773	-0.637271	-0.636466
0.774	-0.637615	-0.636813
0.775	-0.637961	-0.63716
0.776	-0.638306	-0.637508
0.777	-0.638652	-0.637856
0.778	-0.638998	-0.638204
0.779	-0.639345	-0.638552
0.78	-0.639691	-0.638901
0.781	-0.640038	-0.63925
0.782	-0.640386	-0.639599
0.783	-0.640734	-0.639948
0.784	-0.641082	-0.640298
0.785	-0.64143	-0.640649
0.786	-0.641779	-0.640999
0.787	-0.642127	-0.64135
0.788	-0.642477	-0.641701
0.789	-0.642826	-0.642053
0.79	-0.643176	-0.642404
0.791	-0.643526	-0.642757
0.792	-0.643877	-0.643109
0.793	-0.644228	-0.643462
0.794	-0.644579	-0.643815
0.795	-0.64493	-0.644168
0.796	-0.645282	-0.644522
0.797	-0.645634	-0.644876
0.798	-0.645986	-0.64523
0.799	-0.646339	-0.645584
0.8	-0.646692	-0.645939
0.801	-0.647045	-0.646294
0.802	-0.647398	-0.646649
0.803	-0.647752	-0.647005
0.804	-0.648106	-0.647361
0.805	-0.64846	-0.647717
0.806	-0.648815	-0.648074
0.807	-0.64917	-0.648431
0.808	-0.649525	-0.648788
0.809	-0.649881	-0.649145
0.81	-0.650237	-0.649503
0.811	-0.650593	-0.649861
0.812	-0.650949	-0.650219
0.813	-0.651306	-0.650578
0.814	-0.651663	-0.650936
0.815	-0.65202	-0.651296
0.816	-0.652377	-0.651655
0.817	-0.652735	-0.652015
0.818	-0.653093	-0.652375
0.819	-0.653452	-0.652735
0.82	-0.65381	-0.653095
0.821	-0.654169	-0.653456
0.822	-0.654529	-0.653817
0.823	-0.654888	-0.654179
0.824	-0.655248	-0.65454
0.825	-0.655608	-0.654902
0.826	-0.655968	-0.655264
0.827	-0.656329	-0.655626
0.828	-0.65669	-0.655989
0.829	-0.657051	-0.656352
0.83	-0.657412	-0.656715
0.831	-0.657774	-0.657079
0.832	-0.658136	-0.657442
0.833	-0.658498	-0.657806
0.834	-0.658861	-0.658171
0.835	-0.659223	-0.658535
0.836	-0.659586	-0.6589
0.837	-0.65995	-0.659265
0.838	-0.660313	-0.65963
0.839	-0.660677	-0.659996
0.84	-0.661041	-0.660362
0.841	-0.661406	-0.660728
0.842	-0.66177	-0.661094
0.843	-0.662135	-0.661461
0.844	-0.6625	-0.661828
0.845	-0.662866	-0.662195
0.846	-0.663231	-0.662562
0.847	-0.663597	-0.66293
0.848	-0.663963	-0.663298
0.849	-0.66433	-0.663666
0.85	-0.664697	-0.664034
0.851	-0.665063	-0.664403
0.852	-0.665431	-0.664772
0.853	-0.665798	-0.665141
0.854	-0.666166	-0.665511
0.855	-0.666534	-0.66588
0.856	-0.666902	-0.66625
0.857	-0.66727	-0.66662
0.858	-0.667639	-0.66699
0.859	-0.668008	-0.667361
0.86	-0.668377	-0.667732
0.861	-0.668747	-0.668103
0.862	-0.669116	-0.668474
0.863	-0.669486	-0.668846
0.864	-0.669856	-0.669217
0.865	-0.670227	-0.66959
0.866	-0.670598	-0.669962
0.867	-0.670968	-0.670335
0.868	-0.67134	-0.670707
0.869	-0.671711	-0.67108
0.87	-0.672083	-0.671453
0.871	-0.672454	-0.671827
0.872	-0.672826	-0.672201
0.873	-0.673199	-0.672574
0.874	-0.673571	-0.672948
0.875	-0.673944	-0.673323
0.876	-0.674317	-0.673698
0.877	-0.67469	-0.674073
0.878	-0.675064	-0.674448
0.879	-0.675438	-0.674823
0.88	-0.675812	-0.675199
0.881	-0.676186	-0.675575
0.882	-0.67656	-0.675951
0.883	-0.676935	-0.676327
0.884	-0.67731	-0.676703
0.885	-0.677685	-0.67708
0.886	-0.67806	-0.677457
0.887	-0.678436	-0.677834
0.888	-0.678811	-0.678212
0.889	-0.679187	-0.678589
0.89	-0.679564	-0.678967
0.891	-0.67994	-0.679345
0.892	-0.680317	-0.679723
0.893	-0.680694	-0.680102
0.894	-0.681071	-0.68048
0.895	-0.681448	-0.680859
0.896	-0.681825	-0.681238
0.897	-0.682203	-0.681617
0.898	-0.682581	-0.681997
0.899	-0.682959	-0.682377
0.9	-0.683338	-0.682757
0.901	-0.683716	-0.683137
0.902	-0.684095	-0.683517
0.903	-0.684474	-0.683898
0.904	-0.684853	-0.684279
0.905	-0.685233	-0.68466
0.906	-0.685612	-0.685041
0.907	-0.685992	-0.685422
0.908	-0.686372	-0.685804
0.909	-0.686752	-0.686185
0.91	-0.687133	-0.686568
0.911	-0.687514	-0.68695
0.912	-0.687894	-0.687332
0.913	-0.688276	-0.687715
0.914	-0.688657	-0.688098
0.915	-0.689038	-0.688481
0.916	-0.68942	-0.688864
0.917	-0.689802	-0.689247
0.918	-0.690184	-0.689631
0.919	-0.690566	-0.690014
0.92	-0.690949	-0.690398
0.921	-0.691331	-0.690782
0.922	-0.691714	-0.691167
0.923	-0.692097	-0.691552
0.924	-0.69248	-0.691937
0.925	-0.692864	-0.692322
0.926	-0.693247	-0.692707
0.927	-0.693631	-0.693092
0.928	-0.694015	-0.693477
0.929	-0.694399	-0.693863
0.93	-0.694784	-0.694249
0.931	-0.695168	-0.694635
0.932	-0.695553	-0.695021
0.933	-0.695938	-0.695408
0.934	-0.696323	-0.695794
0.935	-0.696708	-0.696181
0.936	-0.697094	-0.696568
0.937	-0.69748	-0.696955
0.938	-0.697865	-0.697343
0.939	-0.698251	-0.69773
0.94	-0.698638	-0.698118
0.941	-0.699024	-0.698506
0.942	-0.699411	-0.698893
0.943	-0.699797	-0.699282
0.944	-0.700184	-0.69967
0.945	-0.700571	-0.700058
0.946	-0.700959	-0.700447
0.947	-0.701346	-0.700836
0.948	-0.701734	-0.701225
0.949	-0.702121	-0.701614
0.95	-0.702509	-0.702003
0.951	-0.702897	-0.702393
0.952	-0.703286	-0.702782
0.953	-0.703674	-0.703172
0.954	-0.704063	-0.703562
0.955	-0.704452	-0.703952
0.956	-0.704841	-0.704342
0.957	-0.70523	-0.704733
0.958	-0.705619	-0.705124
0.959	-0.706008	-0.705514
0.96	-0.706398	-0.705905
0.961	-0.706788	-0.706297
0.962	-0.707178	-0.706688
0.963	-0.707568	-0.707079
0.964	-0.707958	-0.707471
0.965	-0.708348	-0.707863
0.966	-0.708739	-0.708255
0.967	-0.70913	-0.708647
0.968	-0.709521	-0.709039
0.969	-0.709912	-0.709432
0.97	-0.710303	-0.709824
0.971	-0.710694	-0.710217
0.972	-0.711086	-0.71061
0.973	-0.711477	-0.711003
0.974	-0.711869	-0.711396
0.975	-0.712261	-0.711789
0.976	-0.712653	-0.712183
0.977	-0.713045	-0.712577
0.978	-0.713438	-0.71297
0.979	-0.71383	-0.713364
0.98	-0.714223	-0.713758
0.981	-0.714616	-0.714152
0.982	-0.715009	-0.714547
0.983	-0.715402	-0.714941
0.984	-0.715795	-0.715336
0.985	-0.716189	-0.715731
0.986	-0.716582	-0.716125
0.987	-0.716976	-0.71652
0.988	-0.71737	-0.716916
0.989	-0.717764	-0.717311
0.99	-0.718158	-0.717706
0.991	-0.718552	-0.718102
0.992	-0.718946	-0.718497
0.993	-0.719341	-0.718893
0.994	-0.719735	-0.719289
0.995	-0.72013	-0.719685
0.996	-0.720525	-0.720081
0.997	-0.72092	-0.720477
0.998	-0.721315	-0.720874
0.999	-0.72171	-0.72127
1	-0.722106	-0.721667
1.001	-0.722501	-0.722064
1.002	-0.722897	-0.722461
1.003	-0.723293	-0.722858
1.004	-0.723689	-0.723255
1.005	-0.724085	-0.723652
1.006	-0.724481	-0.72405
1.007	-0.724877	-0.724447
1.008	-0.725274	-0.724845
1.009	-0.72567	-0.725243
1.01	-0.726067	-0.725641
1.011	-0.726464	-0.726039
1.012	-0.72686	-0.726437
1.013	-0.727257	-0.726835
1.014	-0.727655	-0.727234
1.015	-0.728052	-0.727632
1.016	-0.728449	-0.728031
1.017	-0.728847	-0.728429
1.018	-0.729244	-0.728828
1.019	-0.729642	-0.729227
1.02	-0.73004	-0.729626
1.021	-0.730438	-0.730025
1.022	-0.730836	-0.730425
1.023	-0.731234	-0.730824
1.024	-0.731632	-0.731223
1.025	-0.73203	-0.731623
1.026	-0.732429	-0.732023
1.027	-0.732827	-0.732422
1.028	-0.733226	-0.732822
1.029	-0.733625	-0.733222
1.03	-0.734024	-0.733623
1.031	-0.734423	-0.734023
1.032	-0.734822	-0.734423
1.033	-0.735221	-0.734824
1.034	-0.73562	-0.735224
1.035	-0.73602	-0.735625
1.036	-0.736419	-0.736026
1.037	-0.736819	-0.736426
1.038	-0.737218	-0.736827
1.039	-0.737618	-0.737228
1.04	-0.738018	-0.737629
1.041	-0.738418	-0.738031
1.042	-0.738818	-0.738432
1.043	-0.739218	-0.738833
1.044	-0.739618	-0.739235
1.045	-0.740019	-0.739636
1.046	-0.740419	-0.740038
1.047	-0.740819	-0.74044
1.048	-0.74122	-0.740841
1.049	-0.741621	-0.741243
1.05	-0.742021	-0.741645
1.051	-0.742422	-0.742047
1.052	-0.742823	-0.742449
1.053	-0.743224	-0.742851
1.054	-0.743625	-0.743254
1.055	-0.744027	-0.743656
1.056	-0.744428	-0.744058
1.057	-0.744829	-0.744461
1.058	-0.745231	-0.744864
1.059	-0.745632	-0.745266
1.06	-0.746034	-0.745669
1.061	-0.746435	-0.746072
1.062	-0.746837	-0.746475
1.063	-0.747239	-0.746878
1.064	-0.747641	-0.747281
1.065	-0.748043	-0.747684
1.066	-0.748445	-0.748087
1.067	-0.748847	-0.748491
1.068	-0.749249	-0.748894
1.069	-0.749651	-0.749297
1.07	-0.750053	-0.749701
1.071	-0.750456	-0.750105
1.072	-0.750858	-0.750508
1.073	-0.751261	-0.750912
1.074	-0.751663	-0.751316
1.075	-0.752066	-0.75172
1.076	-0.752469	-0.752123
1.077	-0.752871	-0.752527
1.078	-0.753274	-0.752931
1.079	-0.753677	-0.753335
1.08	-0.75408	-0.753739
1.081	-0.754483	-0.754144
1.082	-0.754886	-0.754548
1.083	-0.755289	-0.754952
1.084	-0.755692	-0.755356
1.085	-0.756096	-0.755761
1.086	-0.756499	-0.756165
1.087	-0.756902	-0.75657
1.088	-0.757306	-0.756975
1.089	-0.757709	-0.757379
1.09	-0.758113	-0.757784
1.091	-0.758516	-0.758188
1.092	-0.75892	-0.758593
1.093	-0.759324	-0.758998
1.094	-0.759727	-0.759403
1.095	-0.760131	-0.759808
1.096	-0.760535	-0.760213
1.097	-0.760939	-0.760618
1.098	-0.761343	-0.761023
1.099	-0.761747	-0.761428
1.1	-0.762151	-0.761834
1.101	-0.762555	-0.762239
1.102	-0.762959	-0.762644
1.103	-0.763363	-0.763049
1.104	-0.763767	-0.763454
1.105	-0.764171	-0.76386
1.106	-0.764575	-0.764265
1.107	-0.76498	-0.764671
1.108	-0.765384	-0.765076
1.109	-0.765788	-0.765482
1.11	-0.766193	-0.765887
1.111	-0.766597	-0.766293
1.112	-0.767002	-0.766699
1.113	-0.767406	-0.767104
1.114	-0.767811	-0.76751
1.115	-0.768215	-0.767915
1.116	-0.76862	-0.768321
1.117	-0.769024	-0.768726
1.118	-0.769429	-0.769132
1.119	-0.769834	-0.769538
1.12	-0.770238	-0.769944
1.121	-0.770643	-0.77035
1.122	-0.771048	-0.770756
1.123	-0.771453	-0.771162
1.124	-0.771857	-0.771567
1.125	-0.772262	-0.771973
1.126	-0.772667	-0.77238
1.127	-0.773072	-0.772786
1.128	-0.773477	-0.773192
1.129	-0.773882	-0.773598
1.13	-0.774287	-0.774004
1.131	-0.774691	-0.77441
1.132	-0.775096	-0.774816
1.133	-0.775501	-0.775222
1.134	-0.775906	-0.775628
1.135	-0.776311	-0.776034
1.136	-0.776716	-0.77644
1.137	-0.777121	-0.776847
1.138	-0.777526	-0.777253
1.139	-0.777932	-0.777659
1.14	-0.778337	-0.778065
1.141	-0.778742	-0.778471
1.142	-0.779147	-0.778877
1.143	-0.779552	-0.779283
1.144	-0.779957	-0.779689
1.145	-0.780362	-0.780096
1.146	-0.780767	-0.780502
1.147	-0.781172	-0.780908
1.148	-0.781577	-0.781315
1.149	-0.781982	-0.781721
1.15	-0.782387	-0.782127
1.151	-0.782793	-0.782533
1.152	-0.783198	-0.78294
1.153	-0.783603	-0.783346
1.154	-0.784008	-0.783752
1.155	-0.784413	-0.784158
1.156	-0.784818	-0.784564
1.157	-0.785223	-0.784971
1.158	-0.785628	-0.785377
1.159	-0.786033	-0.785783
1.16	-0.786439	-0.786189
1.161	-0.786844	-0.786596
1.162	-0.787249	-0.787002
1.163	-0.787654	-0.787408
1.164	-0.788059	-0.787814
1.165	-0.788464	-0.788221
1.166	-0.788869	-0.788627
1.167	-0.789274	-0.789033
1.168	-0.789679	-0.789439
1.169	-0.790084	-0.789845
1.17	-0.790489	-0.790251
1.171	-0.790894	-0.790657
1.172	-0.791299	-0.791063
1.173	-0.791704	-0.791469
1.174	-0.792108	-0.791875
1.175	-0.792513	-0.792282
1.176	-0.792918	-0.792688
1.177	-0.793323	-0.793094
1.178	-0.793728	-0.7935
1.179	-0.794133	-0.793906
1.18	-0.794537	-0.794312
1.181	-0.794942	-0.794717
1.182	-0.795347	-0.795123
1.183	-0.795752	-0.795529
1.184	-0.796156	-0.795935
1.185	-0.796561	-0.796341
1.186	-0.796966	-0.796746
1.187	-0.79737	-0.797152
1.188	-0.797775	-0.797558
1.189	-0.798179	-0.797963
1.19	-0.798584	-0.798369
1.191	-0.798988	-0.798774
1.192	-0.799393	-0.79918
1.193	-0.799797	-0.799585
1.194	-0.800201	-0.799991
1.195	-0.800606	-0.800396
1.196	-0.80101	-0.800802
1.197	-0.801414	-0.801207
1.198	-0.801818	-0.801612
1.199	-0.802222	-0.802018
1.2	-0.802627	-0.802423
1.201	-0.803031	-0.802828
1.202	-0.803435	-0.803233
1.203	-0.803839	-0.803638
1.204	-0.804243	-0.804043
1.205	-0.804647	-0.804448
1.206	-0.80505	-0.804853
1.207	-0.805454	-0.805258
1.208	-0.805858	-0.805663
1.209	-0.806262	-0.806068
1.21	-0.806665	-0.806473
1.211	-0.807069	-0.806877
1.212	-0.807473	-0.807282
1.213	-0.807876	-0.807687
1.214	-0.808279	-0.808092
1.215	-0.808683	-0.808496
1.216	-0.809086	-0.808901
1.217	-0.80949	-0.809305
1.218	-0.809893	-0.80971
1.219	-0.810296	-0.810114
1.22	-0.810699	-0.810519
1.221	-0.811102	-0.810923
1.222	-0.811505	-0.811327
1.223	-0.811908	-0.811731
1.224	-0.812311	-0.812135
1.225	-0.812714	-0.812539
1.226	-0.813117	-0.812943
1.227	-0.813519	-0.813347
1.228	-0.813922	-0.81375
1.229	-0.814325	-0.814154
1.23	-0.814727	-0.814558
1.231	-0.81513	-0.814962
1.232	-0.815532	-0.815365
1.233	-0.815934	-0.815769
1.234	-0.816336	-0.816172
1.235	-0.816739	-0.816575
1.236	-0.817141	-0.816978
1.237	-0.817543	-0.817382
1.238	-0.817945	-0.817785
1.239	-0.818347	-0.818187
1.24	-0.818748	-0.818591
1.241	-0.81915	-0.818993
1.242	-0.819552	-0.819396
1.243	-0.819953	-0.819799
1.244	-0.820355	-0.820202
1.245	-0.820756	-0.820604
1.246	-0.821158	-0.821007
1.247	-0.821559	-0.821409
1.248	-0.82196	-0.821812
1.249	-0.822361	-0.822214
1.25	-0.822762	-0.822616
1.251	-0.823163	-0.823018
1.252	-0.823564	-0.82342
1.253	-0.823965	-0.823822
1.254	-0.824365	-0.824224
1.255	-0.824766	-0.824626
1.256	-0.825166	-0.825027
1.257	-0.825567	-0.825429
1.258	-0.825967	-0.82583
1.259	-0.826367	-0.826232
1.26	-0.826767	-0.826633
1.261	-0.827168	-0.827034
1.262	-0.827567	-0.827436
1.263	-0.827967	-0.827837
1.264	-0.828367	-0.828238
1.265	-0.828767	-0.828638
1.266	-0.829166	-0.829039
1.267	-0.829566	-0.82944
1.268	-0.829965	-0.829841
1.269	-0.830364	-0.830241
1.27	-0.830764	-0.830641
1.271	-0.831163	-0.831042
1.272	-0.831562	-0.831442
1.273	-0.831961	-0.831842
1.274	-0.832359	-0.832242
1.275	-0.832758	-0.832642
1.276	-0.833157	-0.833042
1.277	-0.833555	-0.833441
1.278	-0.833953	-0.833841
1.279	-0.834352	-0.83424
1.28	-0.83475	-0.83464
1.281	-0.835148	-0.835039
1.282	-0.835546	-0.835439
1.283	-0.835943	-0.835837
1.284	-0.836341	-0.836237
1.285	-0.836739	-0.836635
1.286	-0.837136	-0.837034
1.287	-0.837534	-0.837433
1.288	-0.837931	-0.837831
1.289	-0.838328	-0.83823
1.29	-0.838725	-0.838628
1.291	-0.839122	-0.839026
1.292	-0.839519	-0.839424
1.293	-0.839915	-0.839822
1.294	-0.840312	-0.84022
1.295	-0.840708	-0.840618
1.296	-0.841104	-0.841015
1.297	-0.841501	-0.841413
1.298	-0.841897	-0.84181
1.299	-0.842293	-0.842207
1.3	-0.842688	-0.842604
1.301	-0.843084	-0.843001
1.302	-0.84348	-0.843398
1.303	-0.843875	-0.843795
1.304	-0.84427	-0.844191
1.305	-0.844665	-0.844588
1.306	-0.84506	-0.844984
1.307	-0.845455	-0.84538
1.308	-0.84585	-0.845776
1.309	-0.846245	-0.846172
1.31	-0.846639	-0.846568
1.311	-0.847034	-0.846964
1.312	-0.847428	-0.847359
1.313	-0.847822	-0.847754
1.314	-0.848216	-0.848149
1.315	-0.84861	-0.848544
1.316	-0.849003	-0.84894
1.317	-0.849397	-0.849334
1.318	-0.84979	-0.849729
1.319	-0.850184	-0.850123
1.32	-0.850577	-0.850518
1.321	-0.85097	-0.850912
1.322	-0.851362	-0.851306
1.323	-0.851755	-0.8517
1.324	-0.852148	-0.852094
1.325	-0.85254	-0.852487
1.326	-0.852932	-0.852881
1.327	-0.853324	-0.853275
1.328	-0.853716	-0.853668
1.329	-0.854108	-0.854061
1.33	-0.8545	-0.854454
1.331	-0.854891	-0.854847
1.332	-0.855283	-0.85524
1.333	-0.855674	-0.855632
1.334	-0.856065	-0.856024
1.335	-0.856456	-0.856417
1.336	-0.856846	-0.856809
1.337	-0.857237	-0.857201
1.338	-0.857627	-0.857592
1.339	-0.858018	-0.857984
1.34	-0.858408	-0.858375
1.341	-0.858798	-0.858767
1.342	-0.859188	-0.859158
1.343	-0.859577	-0.859549
1.344	-0.859967	-0.85994
1.345	-0.860356	-0.86033
1.346	-0.860745	-0.860721
1.347	-0.861134	-0.861111
1.348	-0.861523	-0.861502
1.349	-0.861911	-0.861892
1.35	-0.8623	-0.862281
1.351	-0.862688	-0.862671
1.352	-0.863076	-0.863061
1.353	-0.863464	-0.86345
1.354	-0.863852	-0.863839
1.355	-0.86424	-0.864228
1.356	-0.864627	-0.864617
1.357	-0.865014	-0.865005
1.358	-0.865401	-0.865393
1.359	-0.865788	-0.865782
1.36	-0.866175	-0.86617
1.361	-0.866562	-0.866557
1.362	-0.866948	-0.866945
1.363	-0.867334	-0.867333
1.364	-0.86772	-0.86772
1.365	-0.868106	-0.868108
1.366	-0.868492	-0.868495
1.367	-0.868877	-0.868882
1.368	-0.869263	-0.869268
1.369	-0.869648	-0.869655
1.37	-0.870033	-0.870041
1.371	-0.870417	-0.870427
1.372	-0.870802	-0.870813
1.373	-0.871186	-0.871199
1.374	-0.87157	-0.871584
1.375	-0.871954	-0.87197
1.376	-0.872338	-0.872355
1.377	-0.872722	-0.87274
1.378	-0.873105	-0.873124
1.379	-0.873489	-0.873509
1.38	-0.873872	-0.873894
1.381	-0.874254	-0.874278
1.382	-0.874637	-0.874662
1.383	-0.87502	-0.875046
1.384	-0.875402	-0.87543
1.385	-0.875784	-0.875813
1.386	-0.876166	-0.876197
1.387	-0.876547	-0.87658
1.388	-0.876929	-0.876963
1.389	-0.87731	-0.877345
1.39	-0.877691	-0.877728
1.391	-0.878072	-0.87811
1.392	-0.878453	-0.878492
1.393	-0.878833	-0.878874
1.394	-0.879214	-0.879255
1.395	-0.879594	-0.879637
1.396	-0.879973	-0.880018
1.397	-0.880353	-0.8804
1.398	-0.880732	-0.88078
1.399	-0.881112	-0.881161
1.4	-0.881491	-0.881541
1.401	-0.88187	-0.881922
1.402	-0.882248	-0.882302
1.403	-0.882627	-0.882681
1.404	-0.883005	-0.883061
1.405	-0.883383	-0.883441
1.406	-0.88376	-0.88382
1.407	-0.884138	-0.884199
1.408	-0.884515	-0.884578
1.409	-0.884892	-0.884956
1.41	-0.885269	-0.885335
1.411	-0.885646	-0.885713
1.412	-0.886022	-0.886091
1.413	-0.886398	-0.886468
1.414	-0.886774	-0.886846
1.415	-0.88715	-0.887223
1.416	-0.887526	-0.8876
1.417	-0.887901	-0.887977
1.418	-0.888276	-0.888353
1.419	-0.888651	-0.88873
1.42	-0.889026	-0.889106
1.421	-0.8894	-0.889482
1.422	-0.889774	-0.889857
1.423	-0.890148	-0.890233
1.424	-0.890522	-0.890608
1.425	-0.890895	-0.890983
1.426	-0.891269	-0.891358
1.427	-0.891642	-0.891733
1.428	-0.892015	-0.892107
1.429	-0.892387	-0.892481
1.43	-0.892759	-0.892855
1.431	-0.893132	-0.893229
1.432	-0.893503	-0.893602
1.433	-0.893875	-0.893975
1.434	-0.894246	-0.894348
1.435	-0.894618	-0.894721
1.436	-0.894988	-0.895093
1.437	-0.895359	-0.895465
1.438	-0.89573	-0.895837
1.439	-0.8961	-0.896209
1.44	-0.89647	-0.896581
1.441	-0.896839	-0.896952
1.442	-0.897209	-0.897323
1.443	-0.897578	-0.897693
1.444	-0.897947	-0.898064
1.445	-0.898316	-0.898434
1.446	-0.898684	-0.898804
1.447	-0.899052	-0.899174
1.448	-0.89942	-0.899543
1.449	-0.899788	-0.899912
1.45	-0.900155	-0.900281
1.451	-0.900523	-0.90065
1.452	-0.90089	-0.901019
1.453	-0.901256	-0.901387
1.454	-0.901623	-0.901755
1.455	-0.901989	-0.902123
1.456	-0.902355	-0.90249
1.457	-0.90272	-0.902857
1.458	-0.903086	-0.903224
1.459	-0.903451	-0.903591
1.46	-0.903816	-0.903958
1.461	-0.904181	-0.904324
1.462	-0.904545	-0.90469
1.463	-0.904909	-0.905055
1.464	-0.905273	-0.905421
1.465	-0.905636	-0.905786
1.466	-0.906	-0.906151
1.467	-0.906363	-0.906516
1.468	-0.906726	-0.90688
1.469	-0.907088	-0.907245
1.47	-0.90745	-0.907609
1.471	-0.907812	-0.907972
1.472	-0.908174	-0.908336
1.473	-0.908535	-0.908699
1.474	-0.908896	-0.909062
1.475	-0.909257	-0.909424
1.476	-0.909618	-0.909786
1.477	-0.909978	-0.910148
1.478	-0.910338	-0.91051
1.479	-0.910698	-0.910871
1.48	-0.911058	-0.911232
1.481	-0.911417	-0.911593
1.482	-0.911776	-0.911954
1.483	-0.912134	-0.912314
1.484	-0.912493	-0.912674
1.485	-0.912851	-0.913034
1.486	-0.913209	-0.913394
1.487	-0.913566	-0.913753
1.488	-0.913924	-0.914112
1.489	-0.914281	-0.914471
1.49	-0.914637	-0.914829
1.491	-0.914994	-0.915188
1.492	-0.91535	-0.915546
1.493	-0.915706	-0.915903
1.494	-0.916061	-0.91626
1.495	-0.916416	-0.916617
1.496	-0.916771	-0.916974
1.497	-0.917126	-0.91733
1.498	-0.91748	-0.917686
1.499	-0.917834	-0.918042
1.5	-0.918188	-0.918398
1.501	-0.918542	-0.918753
1.502	-0.918895	-0.919108
1.503	-0.919248	-0.919462
1.504	-0.9196	-0.919817
1.505	-0.919953	-0.920171
1.506	-0.920305	-0.920524
1.507	-0.920656	-0.920878
1.508	-0.921008	-0.921231
1.509	-0.921359	-0.921584
1.51	-0.92171	-0.921936
1.511	-0.92206	-0.922289
1.512	-0.92241	-0.922641
1.513	-0.92276	-0.922992
1.514	-0.92311	-0.923344
1.515	-0.923459	-0.923695
1.516	-0.923808	-0.924045
1.517	-0.924157	-0.924396
1.518	-0.924505	-0.924746
1.519	-0.924853	-0.925096
1.52	-0.925201	-0.925445
1.521	-0.925548	-0.925794
1.522	-0.925895	-0.926143
1.523	-0.926242	-0.926492
1.524	-0.926588	-0.92684
1.525	-0.926935	-0.927188
1.526	-0.92728	-0.927535
1.527	-0.927626	-0.927883
1.528	-0.927971	-0.92823
1.529	-0.928316	-0.928577
1.53	-0.928661	-0.928923
1.531	-0.929005	-0.929269
1.532	-0.929349	-0.929615
1.533	-0.929692	-0.92996
1.534	-0.930036	-0.930306
1.535	-0.930379	-0.93065
1.536	-0.930721	-0.930995
1.537	-0.931063	-0.931339
1.538	-0.931405	-0.931683
1.539	-0.931747	-0.932026
1.54	-0.932088	-0.932369
1.541	-0.932429	-0.932712
1.542	-0.93277	-0.933055
1.543	-0.93311	-0.933397
1.544	-0.93345	-0.933739
1.545	-0.93379	-0.93408
1.546	-0.934129	-0.934421
1.547	-0.934468	-0.934762
1.548	-0.934807	-0.935103
1.549	-0.935145	-0.935443
1.55	-0.935483	-0.935783
1.551	-0.935821	-0.936123
1.552	-0.936158	-0.936462
1.553	-0.936495	-0.936801
1.554	-0.936832	-0.937139
1.555	-0.937168	-0.937478
1.556	-0.937504	-0.937816
1.557	-0.93784	-0.938153
1.558	-0.938175	-0.93849
1.559	-0.93851	-0.938827
1.56	-0.938845	-0.939164
1.561	-0.939179	-0.9395
1.562	-0.939513	-0.939836
1.563	-0.939846	-0.940171
1.564	-0.940179	-0.940507
1.565	-0.940512	-0.940842
1.566	-0.940845	-0.941176
1.567	-0.941177	-0.94151
1.568	-0.941509	-0.941844
1.569	-0.94184	-0.942177
1.57	-0.942171	-0.94251
1.571	-0.942502	-0.942843
1.572	-0.942832	-0.943175
1.573	-0.943162	-0.943507
1.574	-0.943492	-0.943838
1.575	-0.943821	-0.94417
1.576	-0.94415	-0.944501
1.577	-0.944479	-0.944831
1.578	-0.944807	-0.945162
1.579	-0.945135	-0.945491
1.58	-0.945463	-0.945821
1.581	-0.94579	-0.94615
1.582	-0.946116	-0.946479
1.583	-0.946443	-0.946807
1.584	-0.946769	-0.947135
1.585	-0.947095	-0.947463
1.586	-0.94742	-0.94779
1.587	-0.947745	-0.948117
1.588	-0.948069	-0.948444
1.589	-0.948394	-0.94877
1.59	-0.948717	-0.949096
1.591	-0.949041	-0.949421
1.592	-0.949364	-0.949746
1.593	-0.949687	-0.950071
1.594	-0.950009	-0.950395
1.595	-0.950331	-0.950719
1.596	-0.950653	-0.951043
1.597	-0.950974	-0.951366
1.598	-0.951295	-0.951689
1.599	-0.951615	-0.952011
1.6	-0.951935	-0.952333
1.601	-0.952255	-0.952655
1.602	-0.952574	-0.952977
1.603	-0.952893	-0.953298
1.604	-0.953212	-0.953618
1.605	-0.95353	-0.953939
1.606	-0.953848	-0.954258
1.607	-0.954165	-0.954578
1.608	-0.954482	-0.954897
1.609	-0.954799	-0.955216
1.61	-0.955115	-0.955534
1.611	-0.955431	-0.955852
1.612	-0.955747	-0.956169
1.613	-0.956062	-0.956487
1.614	-0.956376	-0.956803
1.615	-0.956691	-0.95712
1.616	-0.957005	-0.957436
1.617	-0.957318	-0.957751
1.618	-0.957631	-0.958066
1.619	-0.957944	-0.958381
1.62	-0.958256	-0.958696
1.621	-0.958568	-0.95901
1.622	-0.95888	-0.959323
1.623	-0.959191	-0.959636
1.624	-0.959502	-0.959949
1.625	-0.959812	-0.960262
1.626	-0.960122	-0.960574
1.627	-0.960432	-0.960885
1.628	-0.960741	-0.961197
1.629	-0.961049	-0.961507
1.63	-0.961358	-0.961818
1.631	-0.961666	-0.962128
1.632	-0.961973	-0.962438
1.633	-0.96228	-0.962747
1.634	-0.962587	-0.963056
1.635	-0.962893	-0.963364
1.636	-0.963199	-0.963672
1.637	-0.963505	-0.96398
1.638	-0.96381	-0.964287
1.639	-0.964115	-0.964594
1.64	-0.964419	-0.9649
1.641	-0.964723	-0.965206
1.642	-0.965026	-0.965512
1.643	-0.965329	-0.965817
1.644	-0.965632	-0.966122
1.645	-0.965934	-0.966426
1.646	-0.966236	-0.96673
1.647	-0.966537	-0.967033
1.648	-0.966838	-0.967336
1.649	-0.967138	-0.967639
1.65	-0.967438	-0.967941
1.651	-0.967738	-0.968243
1.652	-0.968037	-0.968545
1.653	-0.968336	-0.968845
1.654	-0.968634	-0.969146
1.655	-0.968932	-0.969446
1.656	-0.96923	-0.969746
1.657	-0.969527	-0.970045
1.658	-0.969824	-0.970344
1.659	-0.97012	-0.970643
1.66	-0.970416	-0.97094
1.661	-0.970711	-0.971238
1.662	-0.971006	-0.971535
1.663	-0.971301	-0.971832
1.664	-0.971595	-0.972128
1.665	-0.971888	-0.972424
1.666	-0.972182	-0.972719
1.667	-0.972474	-0.973014
1.668	-0.972767	-0.973309
1.669	-0.973059	-0.973603
1.67	-0.97335	-0.973897
1.671	-0.973641	-0.97419
1.672	-0.973932	-0.974483
1.673	-0.974222	-0.974775
1.674	-0.974512	-0.975067
1.675	-0.974801	-0.975359
1.676	-0.97509	-0.97565
1.677	-0.975378	-0.97594
1.678	-0.975666	-0.976231
1.679	-0.975954	-0.97652
1.68	-0.976241	-0.976809
1.681	-0.976527	-0.977098
1.682	-0.976814	-0.977386
1.683	-0.977099	-0.977674
1.684	-0.977385	-0.977962
1.685	-0.977669	-0.978249
1.686	-0.977954	-0.978536
1.687	-0.978238	-0.978822
1.688	-0.978521	-0.979107
1.689	-0.978804	-0.979392
1.69	-0.979087	-0.979677
1.691	-0.979369	-0.979962
1.692	-0.97965	-0.980245
1.693	-0.979931	-0.980528
1.694	-0.980212	-0.980811
1.695	-0.980492	-0.981094
1.696	-0.980772	-0.981376
1.697	-0.981052	-0.981658
1.698	-0.98133	-0.981939
1.699	-0.981609	-0.982219
1.7	-0.981887	-0.982499
1.701	-0.982164	-0.982779
1.702	-0.982441	-0.983059
1.703	-0.982718	-0.983337
1.704	-0.982994	-0.983616
1.705	-0.98327	-0.983894
1.706	-0.983545	-0.984171
1.707	-0.983819	-0.984448
1.708	-0.984094	-0.984724
1.709	-0.984367	-0.985
1.71	-0.984641	-0.985276
1.711	-0.984913	-0.985551
1.712	-0.985186	-0.985825
1.713	-0.985458	-0.986099
1.714	-0.985729	-0.986373
1.715	-0.986	-0.986646
1.716	-0.98627	-0.986919
1.717	-0.98654	-0.987191
1.718	-0.98681	-0.987463
1.719	-0.987079	-0.987734
1.72	-0.987347	-0.988005
1.721	-0.987615	-0.988276
1.722	-0.987883	-0.988546
1.723	-0.98815	-0.988815
1.724	-0.988416	-0.989084
1.725	-0.988683	-0.989353
1.726	-0.988948	-0.989621
1.727	-0.989213	-0.989888
1.728	-0.989478	-0.990155
1.729	-0.989742	-0.990422
1.73	-0.990006	-0.990688
1.731	-0.990269	-0.990954
1.732	-0.990532	-0.991218
1.733	-0.990794	-0.991483
1.734	-0.991056	-0.991747
1.735	-0.991317	-0.99201
1.736	-0.991577	-0.992273
1.737	-0.991838	-0.992536
1.738	-0.992097	-0.992798
1.739	-0.992357	-0.993059
1.74	-0.992615	-0.99332
1.741	-0.992874	-0.993581
1.742	-0.993131	-0.993841
1.743	-0.993389	-0.994101
1.744	-0.993645	-0.99436
1.745	-0.993901	-0.994619
1.746	-0.994157	-0.994877
1.747	-0.994412	-0.995134
1.748	-0.994667	-0.995392
1.749	-0.994921	-0.995648
1.75	-0.995175	-0.995904
1.751	-0.995428	-0.99616
1.752	-0.995681	-0.996415
1.753	-0.995933	-0.996669
1.754	-0.996185	-0.996923
1.755	-0.996436	-0.997177
1.756	-0.996687	-0.99743
1.757	-0.996937	-0.997682
1.758	-0.997186	-0.997934
1.759	-0.997436	-0.998186
1.76	-0.997684	-0.998437
1.761	-0.997932	-0.998687
1.762	-0.99818	-0.998937
1.763	-0.998427	-0.999187
1.764	-0.998673	-0.999436
1.765	-0.998919	-0.999685
1.766	-0.999165	-0.999932
1.767	-0.99941	-1.00018
1.768	-0.999654	-1.00043
1.769	-0.999898	-1.00067
1.77	-1.00014	-1.00092
1.771	-1.00038	-1.00116
1.772	-1.00063	-1.00141
1.773	-1.00087	-1.00165
1.774	-1.00111	-1.0019
1.775	-1.00135	-1.00214
1.776	-1.00159	-1.00238
1.777	-1.00183	-1.00263
1.778	-1.00207	-1.00287
1.779	-1.00231	-1.00311
1.78	-1.00255	-1.00335
1.781	-1.00278	-1.00359
1.782	-1.00302	-1.00383
1.783	-1.00326	-1.00407
1.784	-1.00349	-1.00431
1.785	-1.00373	-1.00454
1.786	-1.00396	-1.00478
1.787	-1.0042	-1.00502
1.788	-1.00443	-1.00525
1.789	-1.00467	-1.00549
1.79	-1.0049	-1.00573
1.791	-1.00513	-1.00596
1.792	-1.00536	-1.00619
1.793	-1.00559	-1.00643
1.794	-1.00583	-1.00666
1.795	-1.00606	-1.00689
1.796	-1.00628	-1.00713
1.797	-1.00651	-1.00736
1.798	-1.00674	-1.00759
1.799	-1.00697	-1.00782
1.8	-1.0072	-1.00805
1.801	-1.00742	-1.00828
1.802	-1.00765	-1.00851
1.803	-1.00788	-1.00873
1.804	-1.0081	-1.00896
1.805	-1.00833	-1.00919
1.806	-1.00855	-1.00941
1.807	-1.00877	-1.00964
1.808	-1.009	-1.00987
1.809	-1.00922	-1.01009
1.81	-1.00944	-1.01032
1.811	-1.00966	-1.01054
1.812	-1.00988	-1.01076
1.813	-1.0101	-1.01098
1.814	-1.01032	-1.01121
1.815	-1.01054	-1.01143
1.816	-1.01076	-1.01165
1.817	-1.01098	-1.01187
1.818	-1.0112	-1.01209
1.819	-1.01141	-1.01231
1.82	-1.01163	-1.01253
1.821	-1.01184	-1.01275
1.822	-1.01206	-1.01296
1.823	-1.01227	-1.01318
1.824	-1.01249	-1.0134
1.825	-1.0127	-1.01361
1.826	-1.01291	-1.01383
1.827	-1.01313	-1.01404
1.828	-1.01334	-1.01426
1.829	-1.01355	-1.01447
1.83	-1.01376	-1.01468
1.831	-1.01397	-1.0149
1.832	-1.01418	-1.01511
1.833	-1.01439	-1.01532
1.834	-1.0146	-1.01553
1.835	-1.0148	-1.01574
1.836	-1.01501	-1.01595
1.837	-1.01522	-1.01616
1.838	-1.01542	-1.01637
1.839	-1.01563	-1.01657
1.84	-1.01583	-1.01678
1.841	-1.01604	-1.01699
1.842	-1.01624	-1.01719
1.843	-1.01644	-1.0174
1.844	-1.01665	-1.0176
1.845	-1.01685	-1.01781
1.846	-1.01705	-1.01801
1.847	-1.01725	-1.01822
1.848	-1.01745	-1.01842
1.849	-1.01765	-1.01862
1.85	-1.01785	-1.01882
1.851	-1.01805	-1.01902
1.852	-1.01824	-1.01922
1.853	-1.01844	-1.01942
1.854	-1.01864	-1.01962
1.855	-1.01883	-1.01982
1.856	-1.01903	-1.02002
1.857	-1.01922	-1.02022
1.858	-1.01942	-1.02041
1.859	-1.01961	-1.02061
1.86	-1.0198	-1.0208
1.861	-1.02	-1.021
1.862	-1.02019	-1.02119
1.863	-1.02038	-1.02139
1.864	-1.02057	-1.02158
1.865	-1.02076	-1.02177
1.866	-1.02095	-1.02196
1.867	-1.02114	-1.02216
1.868	-1.02133	-1.02235
1.869	-1.02151	-1.02254
1.87	-1.0217	-1.02273
1.871	-1.02189	-1.02291
1.872	-1.02207	-1.0231
1.873	-1.02226	-1.02329
1.874	-1.02244	-1.02348
1.875	-1.02263	-1.02366
1.876	-1.02281	-1.02385
1.877	-1.02299	-1.02403
1.878	-1.02317	-1.02422
1.879	-1.02336	-1.0244
1.88	-1.02354	-1.02459
1.881	-1.02372	-1.02477
1.882	-1.0239	-1.02495
1.883	-1.02407	-1.02513
1.884	-1.02425	-1.02531
1.885	-1.02443	-1.02549
1.886	-1.02461	-1.02567
1.887	-1.02478	-1.02585
1.888	-1.02496	-1.02603
1.889	-1.02514	-1.02621
1.89	-1.02531	-1.02639
1.891	-1.02548	-1.02656
1.892	-1.02566	-1.02674
1.893	-1.02583	-1.02691
1.894	-1.026	-1.02709
1.895	-1.02617	-1.02726
1.896	-1.02634	-1.02744
1.897	-1.02651	-1.02761
1.898	-1.02668	-1.02778
1.899	-1.02685	-1.02795
1.9	-1.02702	-1.02812
1.901	-1.02719	-1.02829
1.902	-1.02736	-1.02846
1.903	-1.02752	-1.02863
1.904	-1.02769	-1.0288
1.905	-1.02785	-1.02897
1.906	-1.02802	-1.02913
1.907	-1.02818	-1.0293
1.908	-1.02835	-1.02947
1.909	-1.02851	-1.02963
1.91	-1.02867	-1.0298
1.911	-1.02883	-1.02996
1.912	-1.02899	-1.03012
1.913	-1.02915	-1.03028
1.914	-1.02931	-1.03045
1.915	-1.02947	-1.03061
1.916	-1.02963	-1.03077
1.917	-1.02979	-1.03093
1.918	-1.02994	-1.03109
1.919	-1.0301	-1.03125
1.92	-1.03025	-1.03141
1.921	-1.03041	-1.03156
1.922	-1.03056	-1.03172
1.923	-1.03072	-1.03188
1.924	-1.03087	-1.03203
1.925	-1.03102	-1.03219
1.926	-1.03117	-1.03234
1.927	-1.03132	-1.03249
1.928	-1.03147	-1.03265
1.929	-1.03162	-1.0328
1.93	-1.03177	-1.03295
1.931	-1.03192	-1.0331
1.932	-1.03207	-1.03325
1.933	-1.03222	-1.0334
1.934	-1.03236	-1.03355
1.935	-1.03251	-1.0337
1.936	-1.03265	-1.03384
1.937	-1.0328	-1.03399
1.938	-1.03294	-1.03414
1.939	-1.03308	-1.03428
1.94	-1.03323	-1.03443
1.941	-1.03337	-1.03457
1.942	-1.03351	-1.03471
1.943	-1.03365	-1.03486
1.944	-1.03379	-1.035
1.945	-1.03393	-1.03514
1.946	-1.03407	-1.03528
1.947	-1.0342	-1.03542
1.948	-1.03434	-1.03556
1.949	-1.03448	-1.0357
1.95	-1.03461	-1.03584
1.951	-1.03475	-1.03598
1.952	-1.03488	-1.03611
1.953	-1.03501	-1.03625
1.954	-1.03515	-1.03638
1.955	-1.03528	-1.03652
1.956	-1.03541	-1.03665
1.957	-1.03554	-1.03679
1.958	-1.03567	-1.03692
1.959	-1.0358	-1.03705
1.96	-1.03593	-1.03718
1.961	-1.03606	-1.03731
1.962	-1.03619	-1.03744
1.963	-1.03631	-1.03757
1.964	-1.03644	-1.0377
1.965	-1.03656	-1.03783
1.966	-1.03669	-1.03796
1.967	-1.03681	-1.03808
1.968	-1.03694	-1.03821
1.969	-1.03706	-1.03833
1.97	-1.03718	-1.03846
1.971	-1.0373	-1.03858
1.972	-1.03742	-1.03871
1.973	-1.03754	-1.03883
1.974	-1.03766	-1.03895
1.975	-1.03778	-1.03907
1.976	-1.0379	-1.03919
1.977	-1.03802	-1.03931
1.978	-1.03813	-1.03943
1.979	-1.03825	-1.03955
1.98	-1.03836	-1.03967
1.981	-1.03848	-1.03978
1.982	-1.03859	-1.0399
1.983	-1.0387	-1.04001
1.984	-1.03882	-1.04013
1.985	-1.03893	-1.04024
1.986	-1.03904	-1.04036
1.987	-1.03915	-1.04047
1.988	-1.03926	-1.04058
1.989	-1.03937	-1.04069
1.99	-1.03947	-1.0408
1.991	-1.03958	-1.04091
1.992	-1.03969	-1.04102
1.993	-1.03979	-1.04113
1.994	-1.0399	-1.04124
1.995	-1.04	-1.04134
1.996	-1.04011	-1.04145
1.997	-1.04021	-1.04156
1.998	-1.04031	-1.04166
1.999	-1.04041	-1.04176
2	-1.04051	-1.04187
2.001	-1.04061	-1.04197
2.002	-1.04071	-1.04207
2.003	-1.04081	-1.04217
2.004	-1.04091	-1.04227
2.005	-1.04101	-1.04237
2.006	-1.0411	-1.04247
2.007	-1.0412	-1.04257
2.008	-1.04129	-1.04267
2.009	-1.04139	-1.04277
2.01	-1.04148	-1.04286
2.011	-1.04158	-1.04296
2.012	-1.04167	-1.04305
2.013	-1.04176	-1.04315
2.014	-1.04185	-1.04324
2.015	-1.04194	-1.04333
2.016	-1.04203	-1.04342
2.017	-1.04212	-1.04351
2.018	-1.0422	-1.0436
2.019	-1.04229	-1.04369
2.02	-1.04238	-1.04378
2.021	-1.04246	-1.04387
2.022	-1.04255	-1.04396
2.023	-1.04263	-1.04404
2.024	-1.04272	-1.04413
2.025	-1.0428	-1.04421
2.026	-1.04288	-1.0443
2.027	-1.04296	-1.04438
2.028	-1.04304	-1.04447
2.029	-1.04312	-1.04455
2.03	-1.0432	-1.04463
2.031	-1.04328	-1.04471
2.032	-1.04336	-1.04479
2.033	-1.04343	-1.04487
2.034	-1.04351	-1.04495
2.035	-1.04358	-1.04502
2.036	-1.04366	-1.0451
2.037	-1.04373	-1.04518
2.038	-1.0438	-1.04525
2.039	-1.04388	-1.04533
2.04	-1.04395	-1.0454
2.041	-1.04402	-1.04547
2.042	-1.04409	-1.04555
2.043	-1.04416	-1.04562
2.044	-1.04423	-1.04569
2.045	-1.04429	-1.04576
2.046	-1.04436	-1.04583
2.047	-1.04443	-1.0459
2.048	-1.04449	-1.04597
2.049	-1.04456	-1.04603
2.05	-1.04462	-1.0461
2.051	-1.04468	-1.04616
2.052	-1.04475	-1.04623
2.053	-1.04481	-1.04629
2.054	-1.04487	-1.04636
2.055	-1.04493	-1.04642
2.056	-1.04499	-1.04648
2.057	-1.04505	-1.04654
2.058	-1.0451	-1.0466
2.059	-1.04516	-1.04666
2.06	-1.04522	-1.04672
2.061	-1.04527	-1.04678
2.062	-1.04533	-1.04684
2.063	-1.04538	-1.04689
2.064	-1.04544	-1.04695
2.065	-1.04549	-1.047
2.066	-1.04554	-1.04706
2.067	-1.04559	-1.04711
2.068	-1.04564	-1.04716
2.069	-1.04569	-1.04721
2.07	-1.04574	-1.04726
2.071	-1.04579	-1.04731
2.072	-1.04583	-1.04736
2.073	-1.04588	-1.04741
2.074	-1.04592	-1.04746
2.075	-1.04597	-1.04751
2.076	-1.04601	-1.04755
2.077	-1.04606	-1.0476
2.078	-1.0461	-1.04764
2.079	-1.04614	-1.04769
2.08	-1.04618	-1.04773
2.081	-1.04622	-1.04777
2.082	-1.04626	-1.04781
2.083	-1.0463	-1.04786
2.084	-1.04634	-1.0479
2.085	-1.04637	-1.04793
2.086	-1.04641	-1.04797
2.087	-1.04644	-1.04801
2.088	-1.04648	-1.04805
2.089	-1.04651	-1.04808
2.09	-1.04654	-1.04812
2.091	-1.04658	-1.04815
2.092	-1.04661	-1.04819
2.093	-1.04664	-1.04822
2.094	-1.04667	-1.04825
2.095	-1.0467	-1.04828
2.096	-1.04672	-1.04831
2.097	-1.04675	-1.04834
2.098	-1.04678	-1.04837
2.099	-1.0468	-1.0484
2.1	-1.04683	-1.04843
2.101	-1.04685	-1.04845
2.102	-1.04688	-1.04848
2.103	-1.0469	-1.0485
2.104	-1.04692	-1.04853
2.105	-1.04694	-1.04855
2.106	-1.04696	-1.04857
2.107	-1.04698	-1.04859
2.108	-1.047	-1.04862
2.109	-1.04702	-1.04864
2.11	-1.04703	-1.04865
2.111	-1.04705	-1.04867
2.112	-1.04706	-1.04869
2.113	-1.04708	-1.04871
2.114	-1.04709	-1.04872
2.115	-1.0471	-1.04874
2.116	-1.04712	-1.04875
2.117	-1.04713	-1.04877
2.118	-1.04714	-1.04878
2.119	-1.04715	-1.04879
2.12	-1.04716	-1.0488
2.121	-1.04716	-1.04881
2.122	-1.04717	-1.04882
2.123	-1.04718	-1.04883
2.124	-1.04718	-1.04884
2.125	-1.04719	-1.04884
2.126	-1.04719	-1.04885
2.127	-1.04719	-1.04885
2.128	-1.0472	-1.04886
2.129	-1.0472	-1.04886
2.13	-1.0472	-1.04886
2.131	-1.0472	-1.04887
2.132	-1.0472	-1.04887
2.133	-1.0472	-1.04887
2.134	-1.0472	-1.04887
2.135	-1.0472	-1.04887
2.136	-1.0472	-1.04886
2.137	-1.0472	-1.04886
2.138	-1.0472	-1.04886
2.139	-1.0472	-1.04885
2.14	-1.0472	-1.04885
2.141	-1.0472	-1.04884
2.142	-1.0472	-1.04884
2.143	-1.0472	-1.04883
2.144	-1.0472	-1.04883
2.145	-1.0472	-1.04882
2.146	-1.0472	-1.04881
2.147	-1.0472	-1.0488
2.148	-1.0472	-1.0488
2.149	-1.0472	-1.04879
2.15	-1.0472	-1.04878
2.151	-1.0472	-1.04877
2.152	-1.0472	-1.04876
2.153	-1.0472	-1.04875
2.154	-1.0472	-1.04874
2.155	-1.0472	-1.04873
2.156	-1.0472	-1.04872
2.157	-1.0472	-1.04871
2.158	-1.0472	-1.04869
2.159	-1.0472	-1.04868
2.16	-1.0472	-1.04867
2.161	-1.0472	-1.04866
2.162	-1.0472	-1.04865
2.163	-1.0472	-1.04864
2.164	-1.0472	-1.04862
2.165	-1.0472	-1.04861
2.166	-1.0472	-1.0486
2.167	-1.0472	-1.04859
2.168	-1.0472	-1.04857
2.169	-1.0472	-1.04856
2.17	-1.0472	-1.04855
2.171	-1.0472	-1.04853
2.172	-1.0472	-1.04852
2.173	-1.0472	-1.04851
2.174	-1.0472	-1.04849
2.175	-1.0472	-1.04848
2.176	-1.0472	-1.04847
2.177	-1.0472	-1.04845
2.178	-1.0472	-1.04844
2.179	-1.0472	-1.04843
2.18	-1.0472	-1.04841
2.181	-1.0472	-1.0484
2.182	-1.0472	-1.04839
2.183	-1.0472	-1.04837
2.184	-1.0472	-1.04836
2.185	-1.0472	-1.04835
2.186	-1.0472	-1.04833
2.187	-1.0472	-1.04832
2.188	-1.0472	-1.04831
2.189	-1.0472	-1.04829
2.19	-1.0472	-1.04828
2.191	-1.0472	-1.04827
2.192	-1.0472	-1.04826
2.193	-1.0472	-1.04824
2.194	-1.0472	-1.04823
2.195	-1.0472	-1.04822
2.196	-1.0472	-1.0482
2.197	-1.0472	-1.04819
2.198	-1.0472	-1.04818
2.199	-1.0472	-1.04817
2.2	-1.0472	-1.04815
2.201	-1.0472	-1.04814
2.202	-1.0472	-1.04813
2.203	-1.0472	-1.04812
2.204	-1.0472	-1.0481
2.205	-1.0472	-1.04809
2.206	-1.0472	-1.04808
2.207	-1.0472	-1.04807
2.208	-1.0472	-1.04806
2.209	-1.0472	-1.04804
2.21	-1.0472	-1.04803
2.211	-1.0472	-1.04802
2.212	-1.0472	-1.04801
2.213	-1.0472	-1.048
2.214	-1.0472	-1.04799
2.215	-1.0472	-1.04798
2.216	-1.0472	-1.04796
2.217	-1.0472	-1.04795
2.218	-1.0472	-1.04794
2.219	-1.0472	-1.04793
2.22	-1.0472	-1.04792
2.221	-1.0472	-1.04791
2.222	-1.0472	-1.0479
2.223	-1.0472	-1.04789
2.224	-1.0472	-1.04788
2.225	-1.0472	-1.04787
2.226	-1.0472	-1.04786
2.227	-1.0472	-1.04785
2.228	-1.0472	-1.04784
2.229	-1.0472	-1.04783
2.23	-1.0472	-1.04782
2.231	-1.0472	-1.04781
2.232	-1.0472	-1.0478
2.233	-1.0472	-1.04779
2.234	-1.0472	-1.04778
2.235	-1.0472	-1.04777
2.236	-1.0472	-1.04776
2.237	-1.0472	-1.04776
2.238	-1.0472	-1.04775
2.239	-1.0472	-1.04774
2.24	-1.0472	-1.04773
2.241	-1.0472	-1.04772
2.242	-1.0472	-1.04771
2.243	-1.0472	-1.04771
2.244	-1.0472	-1.0477
2.245	-1.0472	-1.04769
2.246	-1.0472	-1.04768
2.247	-1.0472	-1.04767
2.248	-1.0472	-1.04766
2.249	-1.0472	-1.04766
2.25	-1.0472	-1.04765
2.251	-1.0472	-1.04764
2.252	-1.0472	-1.04763
2.253	-1.0472	-1.04763
2.254	-1.0472	-1.04762
2.255	-1.0472	-1.04761
2.256	-1.0472	-1.04761
2.257	-1.0472	-1.0476
2.258	-1.0472	-1.04759
2.259	-1.0472	-1.04759
2.26	-1.0472	-1.04758
2.261	-1.0472	-1.04757
2.262	-1.0472	-1.04757
2.263	-1.0472	-1.04756
2.264	-1.0472	-1.04755
2.265	-1.0472	-1.04755
2.266	-1.0472	-1.04754
2.267	-1.0472	-1.04753
2.268	-1.0472	-1.04753
2.269	-1.0472	-1.04752
2.27	-1.0472	-1.04752
2.271	-1.0472	-1.04751
2.272	-1.0472	-1.04751
2.273	-1.0472	-1.0475
2.274	-1.0472	-1.04749
2.275	-1.0472	-1.04749
2.276	-1.0472	-1.04748
2.277	-1.0472	-1.04748
2.278	-1.0472	-1.04747
2.279	-1.0472	-1.04747
2.28	-1.0472	-1.04746
2.281	-1.0472	-1.04746
2.282	-1.0472	-1.04745
2.283	-1.0472	-1.04745
2.284	-1.0472	-1.04744
2.285	-1.0472	-1.04744
2.286	-1.0472	-1.04743
2.287	-1.0472	-1.04743
2.288	-1.0472	-1.04743
2.289	-1.0472	-1.04742
2.29	-1.0472	-1.04742
2.291	-1.0472	-1.04741
2.292	-1.0472	-1.04741
2.293	-1.0472	-1.0474
2.294	-1.0472	-1.0474
2.295	-1.0472	-1.0474
2.296	-1.0472	-1.04739
2.297	-1.0472	-1.04739
2.298	-1.0472	-1.04738
2.299	-1.0472	-1.04738
2.3	-1.0472	-1.04738
2.301	-1.0472	-1.04737
2.302	-1.0472	-1.04737
2.303	-1.0472	-1.04737
2.304	-1.0472	-1.04736
2.305	-1.0472	-1.04736
2.306	-1.0472	-1.04736
2.307	-1.0472	-1.04735
2.308	-1.0472	-1.04735
2.309	-1.0472	-1.04735
2.31	-1.0472	-1.04734
2.311	-1.0472	-1.04734
2.312	-1.0472	-1.04734
2.313	-1.0472	-1.04733
2.314	-1.0472	-1.04733
2.315	-1.0472	-1.04733
2.316	-1.0472	-1.04732
2.317	-1.0472	-1.04732
2.318	-1.0472	-1.04732
2.319	-1.0472	-1.04732
2.32	-1.0472	-1.04731
2.321	-1.0472	-1.04731
2.322	-1.0472	-1.04731
2.323	-1.0472	-1.04731
2.324	-1.0472	-1.0473
2.325	-1.0472	-1.0473
2.326	-1.0472	-1.0473
2.327	-1.0472	-1.0473
2.328	-1.0472	-1.04729
2.329	-1.0472	-1.04729
2.33	-1.0472	-1.04729
2.331	-1.0472	-1.04729
2.332	-1.0472	-1.04728
2.333	-1.0472	-1.04728
2.334	-1.0472	-1.04728
2.335	-1.0472	-1.04728
2.336	-1.0472	-1.04728
2.337	-1.0472	-1.04727
2.338	-1.0472	-1.04727
2.339	-1.0472	-1.04727
2.34	-1.0472	-1.04727
2.341	-1.0472	-1.04727
2.342	-1.0472	-1.04726
2.343	-1.0472	-1.04726
2.344	-1.0472	-1.04726
2.345	-1.0472	-1.04726
2.346	-1.0472	-1.04726
2.347	-1.0472	-1.04726
2.348	-1.0472	-1.04725
2.349	-1.0472	-1.04725
2.35	-1.0472	-1.04725
2.351	-1.0472	-1.04725
2.352	-1.0472	-1.04725
2.353	-1.0472	-1.04725
2.354	-1.0472	-1.04724
2.355	-1.0472	-1.04724
2.356	-1.0472	-1.04724
2.357	-1.0472	-1.04724
2.358	-1.0472	-1.04724
2.359	-1.0472	-1.04724
2.36	-1.0472	-1.04724
2.361	-1.0472	-1.04724
2.362	-1.0472	-1.04723
2.363	-1.0472	-1.04723
2.364	-1.0472	-1.04723
2.365	-1.0472	-1.04723
2.366	-1.0472	-1.04723
2.367	-1.0472	-1.04723
2.368	-1.0472	-1.04723
2.369	-1.0472	-1.04723
2.37	-1.0472	-1.04722
2.371	-1.0472	-1.04722
2.372	-1.0472	-1.04722
2.373	-1.0472	-1.04722
2.374	-1.0472	-1.04722
2.375	-1.0472	-1.04722
2.376	-1.0472	-1.04722
2.377	-1.0472	-1.04722
2.378	-1.0472	-1.04722
2.379	-1.0472	-1.04722
2.38	-1.0472	-1.04721
2.381	-1.0472	-1.04721
2.382	-1.0472	-1.04721
2.383	-1.0472	-1.04721
2.384	-1.0472	-1.04721
2.385	-1.0472	-1.04721
2.386	-1.0472	-1.04721
2.387	-1.0472	-1.04721
2.388	-1.0472	-1.04721
2.389	-1.0472	-1.04721
2.39	-1.0472	-1.04721
2.391	-1.0472	-1.04721
2.392	-1.0472	-1.04721
2.393	-1.0472	-1.0472
2.394	-1.0472	-1.0472
2.395	-1.0472	-1.0472
2.396	-1.0472	-1.0472
2.397	-1.0472	-1.0472
2.398	-1.0472	-1.0472
2.399	-1.0472	-1.0472
2.4	-1.0472	-1.0472
2.401	-1.0472	-1.0472
2.402	-1.0472	-1.0472
2.403	-1.0472	-1.0472
2.404	-1.0472	-1.0472
2.405	-1.0472	-1.0472
2.406	-1.0472	-1.0472
2.407	-1.0472	-1.0472
2.408	-1.0472	-1.0472
2.409	-1.0472	-1.0472
2.41	-1.0472	-1.0472
2.411	-1.0472	-1.0472
2.412	-1.0472	-1.04719
2.413	-1.0472	-1.04719
2.414	-1.0472	-1.04719
2.415	-1.0472	-1.04719
2.416	-1.0472	-1.04719
2.417	-1.0472	-1.04719
2.418	-1.0472	-1.04719
2.419	-1.0472	-1.04719
2.42	-1.0472	-1.04719
2.421	-1.0472	-1.04719
2.422	-1.0472	-1.04719
2.423	-1.0472	-1.04719
2.424	-1.0472	-1.04719
2.425	-1.0472	-1.04719
2.426	-1.0472	-1.04719
2.427	-1.0472	-1.04719
2.428	-1.0472	-1.04719
2.429	-1.0472	-1.04719
2.43	-1.0472	-1.04719
2.431	-1.0472	-1.04719
2.432	-1.0472	-1.04719
2.433	-1.0472	-1.04719
2.434	-1.0472	-1.04719
2.435	-1.0472	-1.04719
2.436	-1.0472	-1.04719
2.437	-1.0472	-1.04719
2.438	-1.0472	-1.04719
2.439	-1.0472	-1.04719
2.44	-1.0472	-1.04719
2.441	-1.0472	-1.04719
2.442	-1.0472	-1.04719
2.443	-1.0472	-1.04719
2.444	-1.0472	-1.04719
2.445	-1.0472	-1.04719
2.446	-1.0472	-1.04719
2.447	-1.0472	-1.04719
2.448	-1.0472	-1.04719
2.449	-1.0472	-1.04718
2.45	-1.0472	-1.04718
2.451	-1.0472	-1.04718
2.452	-1.0472	-1.04718
2.453	-1.0472	-1.04718
2.454	-1.0472	-1.04718
2.455	-1.0472	-1.04718
2.456	-1.0472	-1.04718
2.457	-1.0472	-1.04718
2.458	-1.0472	-1.04718
2.459	-1.0472	-1.04718
2.46	-1.0472	-1.04718
2.461	-1.0472	-1.04718
2.462	-1.0472	-1.04718
2.463	-1.0472	-1.04718
2.464	-1.0472	-1.04718
2.465	-1.0472	-1.04718
2.466	-1.0472	-1.04718
2.467	-1.0472	-1.04718
2.468	-1.0472	-1.04718
2.469	-1.0472	-1.04718
2.47	-1.0472	-1.04718
2.471	-1.0472	-1.04718
2.472	-1.0472	-1.04718
2.473	-1.0472	-1.04718
2.474	-1.0472	-1.04718
2.475	-1.0472	-1.04718
2.476	-1.0472	-1.04718
2.477	-1.0472	-1.04718
2.478	-1.0472	-1.04718
2.479	-1.0472	-1.04718
2.48	-1.0472	-1.04718
2.481	-1.0472	-1.04718
2.482	-1.0472	-1.04718
2.483	-1.0472	-1.04718
2.484	-1.0472	-1.04718
2.485	-1.0472	-1.04718
2.486	-1.0472	-1.04718
2.487	-1.0472	-1.04718
2.488	-1.0472	-1.04719
2.489	-1.0472	-1.04719
2.49	-1.0472	-1.04719
2.491	-1.0472	-1.04719
2.492	-1.0472	-1.04719
2.493	-1.0472	-1.04719
2.494	-1.0472	-1.04719
2.495	-1.0472	-1.04719
2.496	-1.0472	-1.04719
2.497	-1.0472	-1.04719
2.498	-1.0472	-1.04719
2.499	-1.0472	-1.04719
2.5	-1.0472	-1.04719
2.501	-1.0472	-1.04719
2.502	-1.0472	-1.04719
2.503	-1.0472	-1.04719
2.504	-1.0472	-1.04719
2.505	-1.0472	-1.04719
2.506	-1.0472	-1.04719
2.507	-1.0472	-1.04719
2.508	-1.0472	-1.04719
2.509	-1.0472	-1.04719
2.51	-1.0472	-1.04719
2.511	-1.0472	-1.04719
2.512	-1.0472	-1.04719
2.513	-1.0472	-1.04719
2.514	-1.0472	-1.04719
2.515	-1.0472	-1.04719
2.516	-1.0472	-1.04719
2.517	-1.0472	-1.04719
2.518	-1.0472	-1.04719
2.519	-1.0472	-1.04719
2.52	-1.0472	-1.04719
2.521	-1.0472	-1.04719
2.522	-1.0472	-1.04719
2.523	-1.0472	-1.04719
2.524	-1.0472	-1.04719
2.525	-1.0472	-1.04719
2.526	-1.0472	-1.04719
2.527	-1.0472	-1.04719
2.528	-1.0472	-1.04719
2.529	-1.0472	-1.04719
2.53	-1.0472	-1.04719
2.531	-1.0472	-1.04719
2.532	-1.0472	-1.04719
2.533	-1.0472	-1.04719
2.534	-1.0472	-1.04719
2.535	-1.0472	-1.04719
2.536	-1.0472	-1.04719
2.537	-1.0472	-1.04719
2.538	-1.0472	-1.04719
2.539	-1.0472	-1.04719
2.54	-1.0472	-1.04719
2.541	-1.0472	-1.04719
2.542	-1.0472	-1.04719
2.543	-1.0472	-1.04719
2.544	-1.0472	-1.04719
2.545	-1.0472	-1.04719
2.546	-1.0472	-1.04719
2.547	-1.0472	-1.04719
2.548	-1.0472	-1.04719
2.549	-1.0472	-1.04719
2.55	-1.0472	-1.04719
2.551	-1.0472	-1.04719
2.552	-1.0472	-1.04719
2.553	-1.0472	-1.04719
2.554	-1.0472	-1.04719
2.555	-1.0472	-1.04719
2.556	-1.0472	-1.04719
2.557	-1.0472	-1.04719
2.558	-1.0472	-1.04719
2.559	-1.0472	-1.04719
2.56	-1.0472	-1.04719
2.561	-1.0472	-1.04719
2.562	-1.0472	-1.04719
2.563	-1.0472	-1.04719
2.564	-1.0472	-1.04719
2.565	-1.0472	-1.04719
2.566	-1.0472	-1.04719
2.567	-1.0472	-1.04719
2.568	-1.0472	-1.04719
2.569	-1.0472	-1.04719
2.57	-1.0472	-1.04719
2.571	-1.0472	-1.04719
2.572	-1.0472	-1.04719
2.573	-1.0472	-1.04719
2.574	-1.0472	-1.04719
2.575	-1.0472	-1.04719
2.576	-1.0472	-1.04719
2.577	-1.0472	-1.04719
2.578	-1.0472	-1.04719
2.579	-1.0472	-1.04719
2.58	-1.0472	-1.04719
2.581	-1.0472	-1.04719
2.582	-1.0472	-1.04719
2.583	-1.0472	-1.04719
2.584	-1.0472	-1.04719
2.585	-1.0472	-1.04719
2.586	-1.0472	-1.04719
2.587	-1.0472	-1.04719
2.588	-1.0472	-1.04719
2.589	-1.0472	-1.04719
2.59	-1.0472	-1.04719
2.591	-1.0472	-1.04719
2.592	-1.0472	-1.04719
2.593	-1.0472	-1.04719
2.594	-1.0472	-1.04719
2.595	-1.0472	-1.0472
2.596	-1.0472	-1.0472
2.597	-1.0472	-1.0472
2.598	-1.0472	-1.0472
2.599	-1.0472	-1.0472
2.6	-1.0472	-1.0472
2.601	-1.0472	-1.0472
2.602	-1.0472	-1.0472
2.603	-1.0472	-1.0472
2.604	-1.0472	-1.0472
2.605	-1.0472	-1.0472
2.606	-1.0472	-1.0472
2.607	-1.0472	-1.0472
2.608	-1.0472	-1.0472
2.609	-1.0472	-1.0472
2.61	-1.0472	-1.0472
2.611	-1.0472	-1.0472
2.612	-1.0472	-1.0472
2.613	-1.0472	-1.0472
2.614	-1.0472	-1.0472
2.615	-1.0472	-1.0472
2.616	-1.0472	-1.0472
2.617	-1.0472	-1.0472
2.618	-1.0472	-1.0472
2.619	-1.0472	-1.0472
2.62	-1.0472	-1.0472
2.621	-1.0472	-1.0472
2.622	-1.0472	-1.0472
2.623	-1.0472	-1.0472
2.624	-1.0472	-1.0472
2.625	-1.0472	-1.0472
2.626	-1.0472	-1.0472
2.627	-1.0472	-1.0472
2.628	-1.0472	-1.0472
2.629	-1.0472	-1.0472
2.63	-1.0472	-1.0472
2.631	-1.0472	-1.0472
2.632	-1.0472	-1.0472
2.633	-1.0472	-1.0472
2.634	-1.0472	-1.0472
2.635	-1.0472	-1.0472
2.636	-1.0472	-1.0472
2.637	-1.0472	-1.0472
2.638	-1.0472	-1.0472
2.639	-1.0472	-1.0472
2.64	-1.0472	-1.0472