0.069	6.95248e-310	-0.52127
0.07	6.95248e-310	-0.521236
0.071	6.95248e-310	-0.520825
0.072	6.95248e-310	-0.520038
0.073	6.95248e-310	-0.518908
0.074	6.95248e-310	-0.517474
0.075	6.95248e-310	-0.515767
0.076	6.95248e-310	-0.513806
0.077	6.95248e-310	-0.511603
0.078	6.95248e-310	-0.509177
0.079	6.95248e-310	-0.506554
0.08	6.95248e-310	-0.503772
0.081	6.95248e-310	-0.500869
0.082	6.95248e-310	-0.49787
0.083	6.95248e-310	-0.49479
0.084	6.95248e-310	-0.491634
0.085	6.95248e-310	-0.488415
0.086	6.95248e-310	-0.485151
0.087	6.95248e-310	-0.481871
0.088	6.95248e-310	-0.4786
0.089	6.95248e-310	-0.475353
0.09	6.95248e-310	-0.472132
0.091	6.95248e-310	-0.468932
0.092	6.95248e-310	-0.465754
0.093	6.95248e-310	-0.462611
0.094	6.95248e-310	-0.45952
0.095	6.95248e-310	-0.456499
0.096	6.95248e-310	-0.453551
0.097	6.95248e-310	-0.450673
0.098	6.95248e-310	-0.447856
0.099	6.95248e-310	-0.445096
0.1	6.95248e-310	-0.442402
0.101	6.95248e-310	-0.439792
0.102	6.95248e-310	-0.437277
0.103	6.95248e-310	-0.434862
0.104	6.95248e-310	-0.43254
0.105	6.95248e-310	-0.430303
0.106	6.95248e-310	-0.42815
0.107	6.95248e-310	-0.426093
0.108	6.95248e-310	-0.424147
0.109	6.95248e-310	-0.422329
0.11	6.95248e-310	-0.42064
0.111	6.95248e-310	-0.419076
0.112	6.95248e-310	-0.417631
0.113	6.95248e-310	-0.416306
0.114	6.95248e-310	-0.415113
0.115	6.95248e-310	-0.414068
0.116	6.95248e-310	-0.413185
0.117	6.95248e-310	-0.412465
0.118	6.95248e-310	-0.411902
0.119	6.95248e-310	-0.411488
0.12	6.95248e-310	-0.411223
0.121	6.95248e-310	-0.411115
0.122	6.95248e-310	-0.411178
0.123	6.95248e-310	-0.411419
0.124	6.95248e-310	-0.411835
0.125	6.95248e-310	-0.412414
0.126	6.95248e-310	-0.413144
0.127	6.95248e-310	-0.41402
0.128	6.95248e-310	-0.415046
0.129	6.95248e-310	-0.416228
0.13	6.95248e-310	-0.417566
0.131	6.95248e-310	-0.419052
0.132	6.95248e-310	-0.420666
0.133	6.95248e-310	-0.422392
0.134	6.95248e-310	-0.424222
0.135	6.95248e-310	-0.426152
0.136	6.95248e-310	-0.428185
0.137	6.95248e-310	-0.430314
0.138	6.95248e-310	-0.432526
0.139	6.95248e-310	-0.434799
0.14	6.95248e-310	-0.437114
0.141	6.95248e-310	-0.43946
0.142	6.95248e-310	-0.441833
0.143	6.95248e-310	-0.444233
0.144	6.95248e-310	-0.44665
0.145	6.95248e-310	-0.449071
0.146	6.95248e-310	-0.451474
0.147	6.95248e-310	-0.453843
0.148	6.95248e-310	-0.456166
0.149	6.95248e-310	-0.458443
0.15	6.95248e-310	-0.460673
0.151	6.95248e-310	-0.462852
0.152	6.95248e-310	-0.464965
0.153	6.95248e-310	-0.466997
0.154	6.95248e-310	-0.468932
0.155	6.95248e-310	-0.470768
0.156	6.95248e-310	-0.472506
0.157	6.95248e-310	-0.474149
0.158	6.95248e-310	-0.475695
0.159	6.95248e-310	-0.477136
0.16	6.95248e-310	-0.478459
0.161	6.95248e-310	-0.479655
0.162	6.95248e-310	-0.480725
0.163	6.95248e-310	-0.481676
0.164	6.95248e-310	-0.482515
0.165	6.95248e-310	-0.483242
0.166	6.95248e-310	-0.483851
0.167	6.95248e-310	-0.484335
0.168	6.95248e-310	-0.484689
0.169	6.95248e-310	-0.484918
0.17	6.95248e-310	-0.485032
0.171	6.95248e-310	-0.485039
0.172	6.95248e-310	-0.484943
0.173	6.95248e-310	-0.48474
0.174	6.95248e-310	-0.484424
0.175	6.95248e-310	-0.483995
0.176	6.95248e-310	-0.483459
0.177	6.95248e-310	-0.482828
0.178	6.95248e-310	-0.482113
0.179	6.95248e-310	-0.481318
0.18	6.95248e-310	-0.48044
0.181	6.95248e-310	-0.479475
0.182	6.95248e-310	-0.478426
0.183	6.95248e-310	-0.4773
0.184	6.95248e-310	-0.476112
0.185	6.95248e-310	-0.474871
0.186	6.95248e-310	-0.473581
0.187	6.95248e-310	-0.472242
0.188	6.95248e-310	-0.470852
0.189	6.95248e-310	-0.469413
0.19	6.95248e-310	-0.467936
0.191	6.95248e-310	-0.466435
0.192	6.95248e-310	-0.464919
0.193	6.95248e-310	-0.463393
0.194	6.95248e-310	-0.461857
0.195	6.95248e-310	-0.460309
0.196	6.95248e-310	-0.458753
0.197	6.95248e-310	-0.457201
0.198	6.95248e-310	-0.455665
0.199	6.95248e-310	-0.454155
0.2	6.95248e-310	-0.452676
0.201	6.95248e-310	-0.451224
0.202	6.95248e-310	-0.449801
0.203	6.95248e-310	-0.448409
0.204	6.95248e-310	-0.44706
0.205	6.95248e-310	-0.445765
0.206	6.95248e-310	-0.444532
0.207	6.95248e-310	-0.443363
0.208	6.95248e-310	-0.442256
0.209	6.95248e-310	-0.441209
0.21	6.95248e-310	-0.440225
0.211	6.95248e-310	-0.439312
0.212	6.95248e-310	-0.43848
0.213	6.95248e-310	-0.437736
0.214	6.95248e-310	-0.437078
0.215	6.95248e-310	-0.436502
0.216	6.95248e-310	-0.436003
0.217	6.95248e-310	-0.435583
0.218	6.95248e-310	-0.43525
0.219	6.95248e-310	-0.435008
0.22	6.95248e-310	-0.434862
0.221	6.95248e-310	-0.434808
0.222	6.95248e-310	-0.434838
0.223	6.95248e-310	-0.434946
0.224	6.95248e-310	-0.435132
0.225	6.95248e-310	-0.435401
0.226	6.95248e-310	-0.435755
0.227	6.95248e-310	-0.436194
0.228	6.95248e-310	-0.436712
0.229	6.95248e-310	-0.437301
0.23	6.95248e-310	-0.437951
0.231	6.95248e-310	-0.438662
0.232	6.95248e-310	-0.439435
0.233	6.95248e-310	-0.440271
0.234	6.95248e-310	-0.441169
0.235	6.95248e-310	-0.442119
0.236	6.95248e-310	-0.443112
0.237	6.95248e-310	-0.44414
0.238	6.95248e-310	-0.445198
0.239	6.95248e-310	-0.446288
0.24	6.95248e-310	-0.447411
0.241	6.95248e-310	-0.448562
0.242	6.95248e-310	-0.449733
0.243	6.95248e-310	-0.450912
0.244	6.95248e-310	-0.452093
0.245	6.95248e-310	-0.453272
0.246	6.95248e-310	-0.45445
0.247	6.95248e-310	-0.455628
0.248	6.95248e-310	-0.4568
0.249	6.95248e-310	-0.45796
0.25	6.95248e-310	-0.459096
0.251	6.95248e-310	-0.460203
0.252	6.95248e-310	-0.461279
0.253	6.95248e-310	-0.462325
0.254	6.95248e-310	-0.463343
0.255	6.95248e-310	-0.464329
0.256	6.95248e-310	-0.465275
0.257	6.95248e-310	-0.466174
0.258	6.95248e-310	-0.467021
0.259	6.95248e-310	-0.467816
0.26	6.95248e-310	-0.468562
0.261	6.95248e-310	-0.469262
0.262	6.95248e-310	-0.469913
0.263	6.95248e-310	-0.470508
0.264	6.95248e-310	-0.471042
0.265	6.95248e-310	-0.471512
0.266	6.95248e-310	-0.471921
0.267	6.95248e-310	-0.472273
0.268	6.95248e-310	-0.472572
0.269	6.95248e-310	-0.472815
0.27	6.95248e-310	-0.472999
0.271	6.95248e-310	-0.473119
0.272	6.95248e-310	-0.473175
0.273	6.95248e-310	-0.473172
0.274	6.95248e-310	-0.473113
0.275	6.95248e-310	-0.473005
0.276	6.95248e-310	-0.472847
0.277	6.95248e-310	-0.472635
0.278	6.95248e-310	-0.472367
0.279	6.95248e-310	-0.472045
0.28	6.95248e-310	-0.471674
0.281	6.95248e-310	-0.47126
0.282	6.95248e-310	-0.470809
0.283	6.95248e-310	-0.470321
0.284	6.95248e-310	-0.469793
0.285	6.95248e-310	-0.469226
0.286	6.95248e-310	-0.468621
0.287	6.95248e-310	-0.467985
0.288	6.95248e-310	-0.467325
0.289	6.95248e-310	-0.466646
0.29	6.95248e-310	-0.465949
0.291	6.95248e-310	-0.465233
0.292	6.95248e-310	-0.464497
0.293	6.95248e-310	-0.463744
0.294	6.95248e-310	-0.462982
0.295	6.95248e-310	-0.462217
0.296	6.95248e-310	-0.461455
0.297	6.95248e-310	-0.460696
0.298	6.95248e-310	-0.459939
0.299	6.95248e-310	-0.459184
0.3	6.95248e-310	-0.458433
0.301	6.95248e-310	-0.457695
0.302	6.95248e-310	-0.456976
0.303	6.95248e-310	-0.456279
0.304	6.95248e-310	-0.455605
0.305	6.95248e-310	-0.454951
0.306	6.95248e-310	-0.454318
0.307	6.95248e-310	-0.453709
0.308	6.95248e-310	-0.45313
0.309	6.95248e-310	-0.452586
0.31	6.95248e-310	-0.45208
0.311	6.95248e-310	-0.451611
0.312	6.95248e-310	-0.451177
0.313	6.95248e-310	-0.450776
0.314	6.95248e-310	-0.45041
0.315	6.95248e-310	-0.450086
0.316	6.95248e-310	-0.449807
0.317	6.95248e-310	-0.449574
0.318	6.95248e-310	-0.449385
0.319	6.95248e-310	-0.449236
0.32	6.95248e-310	-0.449125
0.321	6.95248e-310	-0.449054
0.322	6.95248e-310	-0.449027
0.323	6.95248e-310	-0.449046
0.324	6.95248e-310	-0.449111
0.325	6.95248e-310	-0.449218
0.326	6.95248e-310	-0.449362
0.327	6.95248e-310	-0.449541
0.328	6.95248e-310	-0.449757
0.329	6.95248e-310	-0.45001
0.33	6.95248e-310	-0.450302
0.331	6.95248e-310	-0.450633
0.332	6.95248e-310	-0.450996
0.333	6.95248e-310	-0.451387
0.334	6.95248e-310	-0.451802
0.335	6.95248e-310	-0.452242
0.336	6.95248e-310	-0.452709
0.337	6.95248e-310	-0.453202
0.338	6.95248e-310	-0.453718
0.339	6.95248e-310	-0.454254
0.34	6.95248e-310	-0.454802
0.341	6.95248e-310	-0.45536
0.342	6.95248e-310	-0.455927
0.343	6.95248e-310	-0.456506
0.344	6.95248e-310	-0.457096
0.345	6.95248e-310	-0.457692
0.346	6.95248e-310	-0.458291
0.347	6.95248e-310	-0.458886
0.348	6.95248e-310	-0.459476
0.349	6.95248e-310	-0.460059
0.35	6.95248e-310	-0.460638
0.351	6.95248e-310	-0.461212
0.352	6.95248e-310	-0.461778
0.353	6.95248e-310	-0.462331
0.354	6.95248e-310	-0.462866
0.355	6.95248e-310	-0.463381
0.356	6.95248e-310	-0.463878
0.357	6.95248e-310	-0.464357
0.358	6.95248e-310	-0.464818
0.359	6.95248e-310	-0.465259
0.36	6.95248e-310	-0.465676
0.361	6.95248e-310	-0.466065
0.362	6.95248e-310	-0.466425
0.363	6.95248e-310	-0.466757
0.364	6.95248e-310	-0.467064
0.365	6.95248e-310	-0.467346
0.366	6.95248e-310	-0.4676
0.367	6.95248e-310	-0.467825
0.368	6.95248e-310	-0.468016
0.369	6.95248e-310	-0.468175
0.37	6.95248e-310	-0.468303
0.371	6.95248e-310	-0.468403
0.372	6.95248e-310	-0.468477
0.373	6.95248e-310	-0.468522
0.374	6.95248e-310	-0.468537
0.375	6.95248e-310	-0.46852
0.376	6.95248e-310	-0.468472
0.377	6.95248e-310	-0.468396
0.378	6.95248e-310	-0.468295
0.379	6.95248e-310	-0.468171
0.38	6.95248e-310	-0.468023
0.381	6.95248e-310	-0.467849
0.382	6.95248e-310	-0.467649
0.383	6.95248e-310	-0.467424
0.384	6.95248e-310	-0.467179
0.385	6.95248e-310	-0.466916
0.386	6.95248e-310	-0.466638
0.387	6.95248e-310	-0.466344
0.388	6.95248e-310	-0.466034
0.389	6.95248e-310	-0.465705
0.39	6.95248e-310	-0.465362
0.391	6.95248e-310	-0.465009
0.392	6.95248e-310	-0.464648
0.393	6.95248e-310	-0.464283
0.394	6.95248e-310	-0.463912
0.395	6.95248e-310	-0.463534
0.396	6.95248e-310	-0.463149
0.397	6.95248e-310	-0.462762
0.398	6.95248e-310	-0.462374
0.399	6.95248e-310	-0.461991
0.4	6.95248e-310	-0.461614
0.401	6.95248e-310	-0.461241
0.402	6.95248e-310	-0.460872
0.403	6.95248e-310	-0.460507
0.404	6.95248e-310	-0.460149
0.405	6.95248e-310	-0.459802
0.406	6.95248e-310	-0.459469
0.407	6.95248e-310	-0.45915
0.408	6.95248e-310	-0.458845
0.409	6.95248e-310	-0.458553
0.41	6.95248e-310	-0.458273
0.411	6.95248e-310	-0.458007
0.412	6.95248e-310	-0.457761
0.413	6.95248e-310	-0.457535
0.414	6.95248e-310	-0.45733
0.415	6.95248e-310	-0.457144
0.416	6.95248e-310	-0.456976
0.417	6.95248e-310	-0.456825
0.418	6.95248e-310	-0.456694
0.419	6.95248e-310	-0.456585
0.42	6.95248e-310	-0.456499
0.421	6.95248e-310	-0.456437
0.422	6.95248e-310	-0.456395
0.423	6.95248e-310	-0.456372
0.424	6.95248e-310	-0.456368
0.425	6.95248e-310	-0.456383
0.426	6.95248e-310	-0.45642
0.427	6.95248e-310	-0.456479
0.428	6.95248e-310	-0.456559
0.429	6.95248e-310	-0.456658
0.43	6.95248e-310	-0.456773
0.431	6.95248e-310	-0.456903
0.432	6.95248e-310	-0.457049
0.433	6.95248e-310	-0.457213
0.434	6.95248e-310	-0.457394
0.435	6.95248e-310	-0.457591
0.436	6.95248e-310	-0.457801
0.437	6.95248e-310	-0.458022
0.438	6.95248e-310	-0.458251
0.439	6.95248e-310	-0.45849
0.44	6.95248e-310	-0.45874
0.441	6.95248e-310	-0.459
0.442	6.95248e-310	-0.459269
0.443	6.95248e-310	-0.459542
0.444	6.95248e-310	-0.459818
0.445	6.95248e-310	-0.460096
0.446	6.95248e-310	-0.460376
0.447	6.95248e-310	-0.460659
0.448	6.95248e-310	-0.460945
0.449	6.95248e-310	-0.46123
0.45	6.95248e-310	-0.461513
0.451	6.95248e-310	-0.46179
0.452	6.95248e-310	-0.462062
0.453	6.95248e-310	-0.462328
0.454	6.95248e-310	-0.46259
0.455	6.95248e-310	-0.462848
0.456	6.95248e-310	-0.463098
0.457	6.95248e-310	-0.463338
0.458	6.95248e-310	-0.463567
0.459	6.95248e-310	-0.463783
0.46	6.95248e-310	-0.463989
0.461	6.95248e-310	-0.464185
0.462	6.95248e-310	-0.46437
0.463	6.95248e-310	-0.464544
0.464	6.95248e-310	-0.464702
0.465	6.95248e-310	-0.464845
0.466	6.95248e-310	-0.464972
0.467	6.95248e-310	-0.465085
0.468	6.95248e-310	-0.465185
0.469	6.95248e-310	-0.465272
0.47	6.95248e-310	-0.465345
0.471	6.95248e-310	-0.465401
0.472	6.95248e-310	-0.465439
0.473	6.95248e-310	-0.465461
0.474	6.95248e-310	-0.465469
0.475	6.95248e-310	-0.465464
0.476	6.95248e-310	-0.465446
0.477	6.95248e-310	-0.465413
0.478	6.95248e-310	-0.465365
0.479	6.95248e-310	-0.465301
0.48	6.95248e-310	-0.465222
0.481	6.95248e-310	-0.465132
0.482	6.95248e-310	-0.465031
0.483	6.95248e-310	-0.464919
0.484	6.95248e-310	-0.464796
0.485	6.95248e-310	-0.464661
0.486	6.95248e-310	-0.464514
0.487	6.95248e-310	-0.464357
0.488	6.95248e-310	-0.464191
0.489	6.95248e-310	-0.464019
0.49	6.95248e-310	-0.463842
0.491	6.95248e-310	-0.463657
0.492	6.95248e-310	-0.463466
0.493	6.95248e-310	-0.463267
0.494	6.95248e-310	-0.463064
0.495	6.95248e-310	-0.462857
0.496	6.95248e-310	-0.46265
0.497	6.95248e-310	-0.462443
0.498	6.95248e-310	-0.462233
0.499	6.95248e-310	-0.462022
0.5	6.95248e-310	-0.46181
0.501	6.95248e-310	-0.461599
0.502	6.95248e-310	-0.46139
0.503	6.95248e-310	-0.461186
0.504	6.95248e-310	-0.460986
0.505	6.95248e-310	-0.46079
0.506	6.95248e-310	-0.460597
0.507	6.95248e-310	-0.460407
0.508	6.95248e-310	-0.460223
0.509	6.95248e-310	-0.460047
0.51	6.95248e-310	-0.45988
0.511	6.95248e-310	-0.459721
0.512	6.95248e-310	-0.459569
0.513	6.95248e-310	-0.459424
0.514	6.95248e-310	-0.459287
0.515	6.95248e-310	-0.459158
0.516	6.95248e-310	-0.45904
0.517	6.95248e-310	-0.458934
0.518	6.95248e-310	-0.458838
0.519	6.95248e-310	-0.458751
0.52	6.95248e-310	-0.458674
0.521	6.95248e-310	-0.458605
0.522	6.95248e-310	-0.458546
0.523	6.95248e-310	-0.4585
0.524	6.95248e-310	-0.458465
0.525	6.95248e-310	-0.458441
0.526	6.95248e-310	-0.458426
0.527	6.95248e-310	-0.45842
0.528	6.95248e-310	-0.458423
0.529	6.95248e-310	-0.458436
0.53	6.95248e-310	-0.458459
0.531	6.95248e-310	-0.458493
0.532	6.95248e-310	-0.458535
0.533	6.95248e-310	-0.458586
0.534	6.95248e-310	-0.458643
0.535	6.95248e-310	-0.458706
0.536	6.95248e-310	-0.458777
0.537	6.95248e-310	-0.458856
0.538	6.95248e-310	-0.458943
0.539	6.95248e-310	-0.459035
0.54	6.95248e-310	-0.459132
0.541	6.95248e-310	-0.459232
0.542	6.95248e-310	-0.459335
0.543	6.95248e-310	-0.459442
0.544	6.95248e-310	-0.459554
0.545	6.95248e-310	-0.459669
0.546	6.95248e-310	-0.459787
0.547	6.95248e-310	-0.459904
0.548	6.95248e-310	-0.460021
0.549	6.95248e-310	-0.460138
0.55	6.95248e-310	-0.460254
0.551	6.95248e-310	-0.460371
0.552	6.95248e-310	-0.460488
0.553	6.95248e-310	-0.460604
0.554	6.95248e-310	-0.460715
0.555	6.95248e-310	-0.460822
0.556	6.95248e-310	-0.460925
0.557	6.95248e-310	-0.461025
0.558	6.95248e-310	-0.461122
0.559	6.95248e-310	-0.461215
0.56	6.95248e-310	-0.461303
0.561	6.95248e-310	-0.461385
0.562	6.95248e-310	-0.46146
0.563	6.95248e-310	-0.461527
0.564	6.95248e-310	-0.46159
0.565	6.95248e-310	-0.461647
0.566	6.95248e-310	-0.461697
0.567	6.95248e-310	-0.461741
0.568	6.95248e-310	-0.461777
0.569	6.95248e-310	-0.461804
0.57	6.95248e-310	-0.461822
0.571	6.95248e-310	-0.461835
0.572	6.95248e-310	-0.461841
0.573	6.95248e-310	-0.461839
0.574	6.95248e-310	-0.46183
0.575	6.95248e-310	-0.461813
0.576	6.95248e-310	-0.461787
0.577	6.95248e-310	-0.461753
0.578	6.95248e-310	-0.461713
0.579	6.95248e-310	-0.461666
0.58	6.95248e-310	-0.461614
0.581	6.95248e-310	-0.461554
0.582	6.95248e-310	-0.461487
0.583	6.95248e-310	-0.461413
0.584	6.95248e-310	-0.461332
0.585	6.95248e-310	-0.461246
0.586	6.95248e-310	-0.461156
0.587	6.95248e-310	-0.461062
0.588	6.95248e-310	-0.460962
0.589	6.95248e-310	-0.460856
0.59	6.95248e-310	-0.460746
0.591	6.95248e-310	-0.460631
0.592	6.95248e-310	-0.460514
0.593	6.95248e-310	-0.460395
0.594	6.95248e-310	-0.460274
0.595	6.95248e-310	-0.460151
0.596	6.95248e-310	-0.460024
0.597	6.95248e-310	-0.459895
0.598	6.95248e-310	-0.459765
0.599	6.95248e-310	-0.459635
0.6	6.95248e-310	-0.459506
0.601	6.95248e-310	-0.459378
0.602	6.95248e-310	-0.459249
0.603	6.95248e-310	-0.459121
0.604	6.95248e-310	-0.458993
0.605	6.95248e-310	-0.458866
0.606	6.95248e-310	-0.458743
0.607	6.95248e-310	-0.458622
0.608	6.95248e-310	-0.458505
0.609	6.95248e-310	-0.45839
0.61	6.95248e-310	-0.458277
0.611	6.95248e-310	-0.458167
0.612	6.95248e-310	-0.458061
0.613	6.95248e-310	-0.45796
0.614	6.95248e-310	-0.457864
0.615	6.95248e-310	-0.457772
0.616	6.95248e-310	-0.457684
0.617	6.95248e-310	-0.4576
0.618	6.95248e-310	-0.457521
0.619	6.95248e-310	-0.457447
0.62	6.95248e-310	-0.457378
0.621	6.95248e-310	-0.457316
0.622	6.95248e-310	-0.457259
0.623	6.95248e-310	-0.457206
0.624	6.95248e-310	-0.457158
0.625	6.95248e-310	-0.457114
0.626	6.95248e-310	-0.457076
0.627	6.95248e-310	-0.457044
0.628	6.95248e-310	-0.457018
0.629	6.95248e-310	-0.456997
0.63	6.95248e-310	-0.45698
0.631	6.95248e-310	-0.456967
0.632	6.95248e-310	-0.456958
0.633	6.95248e-310	-0.456954
0.634	6.95248e-310	-0.456955
0.635	6.95248e-310	-0.456961
0.636	6.95248e-310	-0.45697
0.637	6.95248e-310	-0.456983
0.638	6.95248e-310	-0.456998
0.639	6.95248e-310	-0.457017
0.64	6.95248e-310	-0.457038
0.641	6.95248e-310	-0.457064
0.642	6.95248e-310	-0.457092
0.643	6.95248e-310	-0.457122
0.644	6.95248e-310	-0.457154
0.645	6.95248e-310	-0.457187
0.646	6.95248e-310	-0.45722
0.647	6.95248e-310	-0.457255
0.648	6.95248e-310	-0.457292
0.649	6.95248e-310	-0.45733
0.65	6.95248e-310	-0.457368
0.651	6.95248e-310	-0.457406
0.652	6.95248e-310	-0.457442
0.653	6.95248e-310	-0.457477
0.654	6.95248e-310	-0.457513
0.655	6.95248e-310	-0.457548
0.656	6.95248e-310	-0.457582
0.657	6.95248e-310	-0.457614
0.658	6.95248e-310	-0.457644
0.659	6.95248e-310	-0.457672
0.66	6.95248e-310	-0.457697
0.661	6.95248e-310	-0.45772
0.662	6.95248e-310	-0.457741
0.663	6.95248e-310	-0.45776
0.664	6.95248e-310	-0.457776
0.665	6.95248e-310	-0.457788
0.666	6.95248e-310	-0.457796
0.667	6.95248e-310	-0.457801
0.668	6.95248e-310	-0.457803
0.669	6.95248e-310	-0.457803
0.67	6.95248e-310	-0.457799
0.671	6.95248e-310	-0.457791
0.672	6.95248e-310	-0.457779
0.673	6.95248e-310	-0.457762
0.674	6.95248e-310	-0.457743
0.675	6.95248e-310	-0.457719
0.676	6.95248e-310	-0.457693
0.677	6.95248e-310	-0.457664
0.678	6.95248e-310	-0.457631
0.679	6.95248e-310	-0.457593
0.68	6.95248e-310	-0.457552
0.681	6.95248e-310	-0.457507
0.682	6.95248e-310	-0.45746
0.683	6.95248e-310	-0.45741
0.684	6.95248e-310	-0.457357
0.685	6.95248e-310	-0.457301
0.686	6.95248e-310	-0.457241
0.687	6.95248e-310	-0.457178
0.688	6.95248e-310	-0.457113
0.689	6.95248e-310	-0.457047
0.69	6.95248e-310	-0.456978
0.691	6.95248e-310	-0.456908
0.692	6.95248e-310	-0.456836
0.693	6.95248e-310	-0.456762
0.694	6.95248e-310	-0.456685
0.695	6.95248e-310	-0.456608
0.696	6.95248e-310	-0.45653
0.697	6.95248e-310	-0.456452
0.698	6.95248e-310	-0.456374
0.699	6.95248e-310	-0.456294
0.7	6.95248e-310	-0.456214
0.701	6.95248e-310	-0.456133
0.702	6.95248e-310	-0.456053
0.703	6.95248e-310	-0.455974
0.704	6.95248e-310	-0.455896
0.705	6.95248e-310	-0.455818
0.706	6.95248e-310	-0.455741
0.707	6.95248e-310	-0.455665
0.708	6.95248e-310	-0.455589
0.709	6.95248e-310	-0.455516
0.71	6.95248e-310	-0.455444
0.711	6.95248e-310	-0.455375
0.712	6.95248e-310	-0.455307
0.713	6.95248e-310	-0.455241
0.714	6.95248e-310	-0.455177
0.715	6.95248e-310	-0.455115
0.716	6.95248e-310	-0.455055
0.717	6.95248e-310	-0.454998
0.718	6.95248e-310	-0.454944
0.719	6.95248e-310	-0.454893
0.72	6.95248e-310	-0.454844
0.721	6.95248e-310	-0.454797
0.722	6.95248e-310	-0.454753
0.723	6.95248e-310	-0.454712
0.724	6.95248e-310	-0.454674
0.725	6.95248e-310	-0.454639
0.726	6.95248e-310	-0.454607
0.727	6.95248e-310	-0.454577
0.728	6.95248e-310	-0.454549
0.729	6.95248e-310	-0.454524
0.73	6.95248e-310	-0.454502
0.731	6.95248e-310	-0.454484
0.732	6.95248e-310	-0.454468
0.733	6.95248e-310	-0.454454
0.734	6.95248e-310	-0.454442
0.735	6.95248e-310	-0.454433
0.736	6.95248e-310	-0.454425
0.737	6.95248e-310	-0.45442
0.738	6.95248e-310	-0.454418
0.739	6.95248e-310	-0.454417
0.74	6.95248e-310	-0.454419
0.741	6.95248e-310	-0.454421
0.742	6.95248e-310	-0.454425
0.743	6.95248e-310	-0.45443
0.744	6.95248e-310	-0.454437
0.745	6.95248e-310	-0.454445
0.746	6.95248e-310	-0.454455
0.747	6.95248e-310	-0.454465
0.748	6.95248e-310	-0.454476
0.749	6.95248e-310	-0.454487
0.75	6.95248e-310	-0.454498
0.751	6.95248e-310	-0.454511
0.752	6.95248e-310	-0.454524
0.753	6.95248e-310	-0.454537
0.754	6.95248e-310	-0.454549
0.755	6.95248e-310	-0.454562
0.756	6.95248e-310	-0.454573
0.757	6.95248e-310	-0.454584
0.758	6.95248e-310	-0.454596
0.759	6.95248e-310	-0.454607
0.76	6.95248e-310	-0.454617
0.761	6.95248e-310	-0.454626
0.762	6.95248e-310	-0.454634
0.763	6.95248e-310	-0.45464
0.764	6.95248e-310	-0.454646
0.765	6.95248e-310	-0.45465
0.766	6.95248e-310	-0.454654
0.767	6.95248e-310	-0.454656
0.768	6.95248e-310	-0.454656
0.769	6.95248e-310	-0.454655
0.77	6.95248e-310	-0.454651
0.771	6.95248e-310	-0.454647
0.772	6.95248e-310	-0.454641
0.773	6.95248e-310	-0.454634
0.774	6.95248e-310	-0.454625
0.775	6.95248e-310	-0.454614
0.776	6.95248e-310	-0.454601
0.777	6.95248e-310	-0.454587
0.778	6.95248e-310	-0.454571
0.779	6.95248e-310	-0.454554
0.78	6.95248e-310	-0.454535
0.781	6.95248e-310	-0.454516
0.782	6.95248e-310	-0.454494
0.783	6.95248e-310	-0.45447
0.784	6.95248e-310	-0.454445
0.785	6.95248e-310	-0.454419
0.786	6.95248e-310	-0.454392
0.787	6.95248e-310	-0.454364
0.788	6.95248e-310	-0.454334
0.789	6.95248e-310	-0.454304
0.79	6.95248e-310	-0.454272
0.791	6.95248e-310	-0.454239
0.792	6.95248e-310	-0.454205
0.793	6.95248e-310	-0.454172
0.794	6.95248e-310	-0.454137
0.795	6.95248e-310	-0.454102
0.796	6.95248e-310	-0.454067
0.797	6.95248e-310	-0.454031
0.798	6.95248e-310	-0.453994
0.799	6.95248e-310	-0.453958
0.8	6.95248e-310	-0.453922
0.801	6.95248e-310	-0.453886
0.802	6.95248e-310	-0.45385
0.803	6.95248e-310	-0.453814
0.804	6.95248e-310	-0.453779
0.805	6.95248e-310	-0.453743
0.806	6.95248e-310	-0.453709
0.807	6.95248e-310	-0.453675
0.808	6.95248e-310	-0.453642
0.809	6.95248e-310	-0.45361
0.81	6.95248e-310	-0.453579
0.811	6.95248e-310	-0.453548
0.812	6.95248e-310	-0.453519
0.813	6.95248e-310	-0.45349
0.814	6.95248e-310	-0.453463
0.815	6.95248e-310	-0.453438
0.816	6.95248e-310	-0.453413
0.817	6.95248e-310	-0.45339
0.818	6.95248e-310	-0.453368
0.819	6.95248e-310	-0.453347
0.82	6.95248e-310	-0.453328
0.821	6.95248e-310	-0.453311
0.822	6.95248e-310	-0.453295
0.823	6.95248e-310	-0.453281
0.824	6.95248e-310	-0.453268
0.825	6.95248e-310	-0.453256
0.826	6.95248e-310	-0.453247
0.827	6.95248e-310	-0.453238
0.828	6.95248e-310	-0.453232
0.829	6.95248e-310	-0.453227
0.83	6.95248e-310	-0.453224
0.831	6.95248e-310	-0.453222
0.832	6.95248e-310	-0.453221
0.833	6.95248e-310	-0.453222
0.834	6.95248e-310	-0.453224
0.835	6.95248e-310	-0.453228
0.836	6.95248e-310	-0.453234
0.837	6.95248e-310	-0.45324
0.838	6.95248e-310	-0.453248
0.839	6.95248e-310	-0.453256
0.84	6.95248e-310	-0.453266
0.841	6.95248e-310	-0.453277
0.842	6.95248e-310	-0.45329
0.843	6.95248e-310	-0.453303
0.844	6.95248e-310	-0.453317
0.845	6.95248e-310	-0.453332
0.846	6.95248e-310	-0.453347
0.847	6.95248e-310	-0.453363
0.848	6.95248e-310	-0.45338
0.849	6.95248e-310	-0.453397
0.85	6.95248e-310	-0.453416
0.851	6.95248e-310	-0.453434
0.852	6.95248e-310	-0.453452
0.853	6.95248e-310	-0.453471
0.854	6.95248e-310	-0.45349
0.855	6.95248e-310	-0.453509
0.856	6.95248e-310	-0.453529
0.857	6.95248e-310	-0.453549
0.858	6.95248e-310	-0.453568
0.859	6.95248e-310	-0.453587
0.86	6.95248e-310	-0.453606
0.861	6.95248e-310	-0.453625
0.862	6.95248e-310	-0.453643
0.863	6.95248e-310	-0.453662
0.864	6.95248e-310	-0.453679
0.865	6.95248e-310	-0.453697
0.866	6.95248e-310	-0.453714
0.867	6.95248e-310	-0.45373
0.868	6.95248e-310	-0.453745
0.869	6.95248e-310	-0.453761
0.87	6.95248e-310	-0.453776
0.871	6.95248e-310	-0.453791
0.872	6.95248e-310	-0.453804
0.873	6.95248e-310	-0.453817
0.874	6.95248e-310	-0.453829
0.875	6.95248e-310	-0.45384
0.876	6.95248e-310	-0.453851
0.877	6.95248e-310	-0.453862
0.878	6.95248e-310	-0.453871
0.879	6.95248e-310	-0.45388
0.88	6.95248e-310	-0.453888
0.881	6.95248e-310	-0.453895
0.882	6.95248e-310	-0.453902
0.883	6.95248e-310	-0.453908
0.884	6.95248e-310	-0.453914
0.885	6.95248e-310	-0.453919
0.886	6.95248e-310	-0.453923
0.887	6.95248e-310	-0.453927
0.888	6.95248e-310	-0.45393
0.889	6.95248e-310	-0.453933
0.89	6.95248e-310	-0.453936
0.891	6.95248e-310	-0.453938
0.892	6.95248e-310	-0.453941
0.893	6.95248e-310	-0.453942
0.894	6.95248e-310	-0.453943
0.895	6.95248e-310	-0.453944
0.896	6.95248e-310	-0.453945
0.897	6.95248e-310	-0.453946
0.898	6.95248e-310	-0.453947
0.899	6.95248e-310	-0.453948
0.9	6.95248e-310	-0.453949
0.901	6.95248e-310	-0.453949
0.902	6.95248e-310	-0.45395
0.903	6.95248e-310	-0.453951
0.904	6.95248e-310	-0.453953
0.905	6.95248e-310	-0.453955
0.906	6.95248e-310	-0.453957
0.907	6.95248e-310	-0.453959
0.908	6.95248e-310	-0.453962
0.909	6.95248e-310	-0.453965
0.91	6.95248e-310	-0.453969
0.911	6.95248e-310	-0.453973
0.912	6.95248e-310	-0.453978
0.913	6.95248e-310	-0.453984
0.914	6.95248e-310	-0.45399
0.915	6.95248e-310	-0.453996
0.916	6.95248e-310	-0.454003
0.917	6.95248e-310	-0.454011
0.918	6.95248e-310	-0.45402
0.919	6.95248e-310	-0.45403
0.92	6.95248e-310	-0.45404
0.921	6.95248e-310	-0.454052
0.922	6.95248e-310	-0.454063
0.923	6.95248e-310	-0.454076
0.924	6.95248e-310	-0.45409
0.925	6.95248e-310	-0.454104
0.926	6.95248e-310	-0.45412
0.927	6.95248e-310	-0.454136
0.928	6.95248e-310	-0.454153
0.929	6.95248e-310	-0.454171
0.93	6.95248e-310	-0.454189
0.931	6.95248e-310	-0.454209
0.932	6.95248e-310	-0.454229
0.933	6.95248e-310	-0.454251
0.934	6.95248e-310	-0.454273
0.935	6.95248e-310	-0.454296
0.936	6.95248e-310	-0.454319
0.937	6.95248e-310	-0.454343
0.938	6.95248e-310	-0.454368
0.939	6.95248e-310	-0.454394
0.94	6.95248e-310	-0.45442
0.941	6.95248e-310	-0.454448
0.942	6.95248e-310	-0.454475
0.943	6.95248e-310	-0.454503
0.944	6.95248e-310	-0.454531
0.945	6.95248e-310	-0.454561
0.946	6.95248e-310	-0.45459
0.947	6.95248e-310	-0.454621
0.948	6.95248e-310	-0.454651
0.949	6.95248e-310	-0.454682
0.95	6.95248e-310	-0.454713
0.951	6.95248e-310	-0.454744
0.952	6.95248e-310	-0.454776
0.953	6.95248e-310	-0.454808
0.954	6.95248e-310	-0.454841
0.955	6.95248e-310	-0.454873
0.956	6.95248e-310	-0.454905
0.957	6.95248e-310	-0.454937
0.958	6.95248e-310	-0.45497
0.959	6.95248e-310	-0.455002
0.96	6.95248e-310	-0.455035
0.961	6.95248e-310	-0.455067
0.962	6.95248e-310	-0.455099
0.963	6.95248e-310	-0.455132
0.964	6.95248e-310	-0.455163
0.965	6.95248e-310	-0.455195
0.966	6.95248e-310	-0.455227
0.967	6.95248e-310	-0.455259
0.968	6.95248e-310	-0.45529
0.969	6.95248e-310	-0.455321
0.97	6.95248e-310	-0.455352
0.971	6.95248e-310	-0.455382
0.972	6.95248e-310	-0.455413
0.973	6.95248e-310	-0.455443
0.974	6.95248e-310	-0.455472
0.975	6.95248e-310	-0.455502
0.976	6.95248e-310	-0.455531
0.977	6.95248e-310	-0.455559
0.978	6.95248e-310	-0.455587
0.979	6.95248e-310	-0.455615
0.98	6.95248e-310	-0.455643
0.981	6.95248e-310	-0.45567
0.982	6.95248e-310	-0.455697
0.983	6.95248e-310	-0.455723
0.984	6.95248e-310	-0.455749
0.985	6.95248e-310	-0.455775
0.986	6.95248e-310	-0.455801
0.987	6.95248e-310	-0.455826
0.988	6.95248e-310	-0.455852
0.989	6.95248e-310	-0.455877
0.99	6.95248e-310	-0.455901
0.991	6.95248e-310	-0.455925
0.992	6.95248e-310	-0.455949
0.993	6.95248e-310	-0.455974
0.994	6.95248e-310	-0.455997
0.995	6.95248e-310	-0.456021
0.996	6.95248e-310	-0.456045
0.997	6.95248e-310	-0.456068
0.998	6.95248e-310	-0.456092
0.999	6.95248e-310	-0.456115
1	6.95248e-310	-0.456138
1.001	6.95248e-310	-0.456162
1.002	6.95248e-310	-0.456185
1.003	6.95248e-310	-0.456208
1.004	6.95248e-310	-0.456232
1.005	6.95248e-310	-0.456255
1.006	6.95248e-310	-0.456278
1.007	6.95248e-310	-0.456302
1.008	6.95248e-310	-0.456326
1.009	6.95248e-310	-0.45635
1.01	6.95248e-310	-0.456375
1.011	6.95248e-310	-0.456399
1.012	6.95248e-310	-0.456423
1.013	6.95248e-310	-0.456448
1.014	6.95248e-310	-0.456473
1.015	6.95248e-310	-0.456499
1.016	6.95248e-310	-0.456524
1.017	6.95248e-310	-0.45655
1.018	6.95248e-310	-0.456576
1.019	6.95248e-310	-0.456602
1.02	6.95248e-310	-0.456629
1.021	6.95248e-310	-0.456657
1.022	6.95248e-310	-0.456684
1.023	6.95248e-310	-0.456712
1.024	6.95248e-310	-0.45674
1.025	6.95248e-310	-0.456769
1.026	6.95248e-310	-0.456798
1.027	6.95248e-310	-0.456827
1.028	6.95248e-310	-0.456857
1.029	6.95248e-310	-0.456887
1.03	6.95248e-310	-0.456918
1.031	6.95248e-310	-0.456948
1.032	6.95248e-310	-0.456979
1.033	6.95248e-310	-0.457011
1.034	6.95248e-310	-0.457042
1.035	6.95248e-310	-0.457075
1.036	6.95248e-310	-0.457107
1.037	6.95248e-310	-0.45714
1.038	6.95248e-310	-0.457173
1.039	6.95248e-310	-0.457206
1.04	6.95248e-310	-0.457239
1.041	6.95248e-310	-0.457273
1.042	6.95248e-310	-0.457307
1.043	6.95248e-310	-0.457342
1.044	6.95248e-310	-0.457376
1.045	6.95248e-310	-0.457411
1.046	6.95248e-310	-0.457445
1.047	6.95248e-310	-0.45748
1.048	6.95248e-310	-0.457515
1.049	6.95248e-310	-0.45755
1.05	6.95248e-310	-0.457586
1.051	6.95248e-310	-0.457621
1.052	6.95248e-310	-0.457657
1.053	6.95248e-310	-0.457692
1.054	6.95248e-310	-0.457727
1.055	6.95248e-310	-0.457763
1.056	6.95248e-310	-0.457798
1.057	6.95248e-310	-0.457834
1.058	6.95248e-310	-0.457869
1.059	6.95248e-310	-0.457904
1.06	6.95248e-310	-0.457939
1.061	6.95248e-310	-0.457974
1.062	6.95248e-310	-0.458009
1.063	6.95248e-310	-0.458043
1.064	6.95248e-310	-0.458078
1.065	6.95248e-310	-0.458112
1.066	6.95248e-310	-0.458146
1.067	6.95248e-310	-0.45818
1.068	6.95248e-310	-0.458214
1.069	6.95248e-310	-0.458247
1.07	6.95248e-310	-0.458281
1.071	6.95248e-310	-0.458314
1.072	6.95248e-310	-0.458346
1.073	6.95248e-310	-0.458379
1.074	6.95248e-310	-0.458411
1.075	6.95248e-310	-0.458443
1.076	6.95248e-310	-0.458475
1.077	6.95248e-310	-0.458506
1.078	6.95248e-310	-0.458537
1.079	6.95248e-310	-0.458568
1.08	6.95248e-310	-0.458599
1.081	6.95248e-310	-0.458629
1.082	6.95248e-310	-0.458659
1.083	6.95248e-310	-0.458689
1.084	6.95248e-310	-0.458718
1.085	6.95248e-310	-0.458747
1.086	6.95248e-310	-0.458776
1.087	6.95248e-310	-0.458804
1.088	6.95248e-310	-0.458833
1.089	6.95248e-310	-0.458861
1.09	6.95248e-310	-0.458888
1.091	6.95248e-310	-0.458916
1.092	6.95248e-310	-0.458943
1.093	6.95248e-310	-0.45897
1.094	6.95248e-310	-0.458997
1.095	6.95248e-310	-0.459023
1.096	6.95248e-310	-0.45905
1.097	6.95248e-310	-0.459076
1.098	6.95248e-310	-0.459102
1.099	6.95248e-310	-0.459127
1.1	6.95248e-310	-0.459153
1.101	6.95248e-310	-0.459178
1.102	6.95248e-310	-0.459203
1.103	6.95248e-310	-0.459228
1.104	6.95248e-310	-0.459253
1.105	6.95248e-310	-0.459278
1.106	6.95248e-310	-0.459303
1.107	6.95248e-310	-0.459327
1.108	6.95248e-310	-0.459351
1.109	6.95248e-310	-0.459376
1.11	6.95248e-310	-0.4594
1.111	6.95248e-310	-0.459425
1.112	6.95248e-310	-0.459449
1.113	6.95248e-310	-0.459473
1.114	6.95248e-310	-0.459497
1.115	6.95248e-310	-0.459521
1.116	6.95248e-310	-0.459545
1.117	6.95248e-310	-0.459569
1.118	6.95248e-310	-0.459593
1.119	6.95248e-310	-0.459617
1.12	6.95248e-310	-0.459641
1.121	6.95248e-310	-0.459664
1.122	6.95248e-310	-0.459688
1.123	6.95248e-310	-0.459712
1.124	6.95248e-310	-0.459735
1.125	6.95248e-310	-0.459759
1.126	6.95248e-310	-0.459783
1.127	6.95248e-310	-0.459807
1.128	6.95248e-310	-0.459831
1.129	6.95248e-310	-0.459855
1.13	6.95248e-310	-0.459879
1.131	6.95248e-310	-0.459902
1.132	6.95248e-310	-0.459926
1.133	6.95248e-310	-0.45995
1.134	6.95248e-310	-0.459974
1.135	6.95248e-310	-0.459998
1.136	6.95248e-310	-0.460021
1.137	6.95248e-310	-0.460045
1.138	6.95248e-310	-0.460069
1.139	6.95248e-310	-0.460092
1.14	6.95248e-310	-0.460116
1.141	6.95248e-310	-0.46014
1.142	6.95248e-310	-0.460163
1.143	6.95248e-310	-0.460187
1.144	6.95248e-310	-0.46021
1.145	6.95248e-310	-0.460233
1.146	6.95248e-310	-0.460256
1.147	6.95248e-310	-0.46028
1.148	6.95248e-310	-0.460303
1.149	6.95248e-310	-0.460325
1.15	6.95248e-310	-0.460348
1.151	6.95248e-310	-0.460371
1.152	6.95248e-310	-0.460394
1.153	6.95248e-310	-0.460416
1.154	6.95248e-310	-0.460438
1.155	6.95248e-310	-0.46046
1.156	6.95248e-310	-0.460482
1.157	6.95248e-310	-0.460504
1.158	6.95248e-310	-0.460525
1.159	6.95248e-310	-0.460547
1.16	6.95248e-310	-0.460568
1.161	6.95248e-310	-0.460589
1.162	6.95248e-310	-0.460609
1.163	6.95248e-310	-0.46063
1.164	6.95248e-310	-0.46065
1.165	6.95248e-310	-0.46067
1.166	6.95248e-310	-0.460689
1.167	6.95248e-310	-0.460709
1.168	6.95248e-310	-0.460728
1.169	6.95248e-310	-0.460747
1.17	6.95248e-310	-0.460765
1.171	6.95248e-310	-0.460783
1.172	6.95248e-310	-0.460801
1.173	6.95248e-310	-0.460819
1.174	6.95248e-310	-0.460836
1.175	6.95248e-310	-0.460853
1.176	6.95248e-310	-0.46087
1.177	6.95248e-310	-0.460886
1.178	6.95248e-310	-0.460902
1.179	6.95248e-310	-0.460917
1.18	6.95248e-310	-0.460932
1.181	6.95248e-310	-0.460947
1.182	6.95248e-310	-0.460962
1.183	6.95248e-310	-0.460976
1.184	6.95248e-310	-0.46099
1.185	6.95248e-310	-0.461004
1.186	6.95248e-310	-0.461017
1.187	6.95248e-310	-0.46103
1.188	6.95248e-310	-0.461043
1.189	6.95248e-310	-0.461055
1.19	6.95248e-310	-0.461067
1.191	6.95248e-310	-0.461079
1.192	6.95248e-310	-0.46109
1.193	6.95248e-310	-0.461101
1.194	6.95248e-310	-0.461112
1.195	6.95248e-310	-0.461122
1.196	6.95248e-310	-0.461132
1.197	6.95248e-310	-0.461142
1.198	6.95248e-310	-0.461152
1.199	6.95248e-310	-0.461161
1.2	6.95248e-310	-0.46117
1.201	6.95248e-310	-0.461179
1.202	6.95248e-310	-0.461187
1.203	6.95248e-310	-0.461195
1.204	6.95248e-310	-0.461203
1.205	6.95248e-310	-0.461211
1.206	6.95248e-310	-0.461218
1.207	6.95248e-310	-0.461226
1.208	6.95248e-310	-0.461233
1.209	6.95248e-310	-0.46124
1.21	6.95248e-310	-0.461246
1.211	6.95248e-310	-0.461252
1.212	6.95248e-310	-0.461258
1.213	6.95248e-310	-0.461264
1.214	6.95248e-310	-0.46127
1.215	6.95248e-310	-0.461275
1.216	6.95248e-310	-0.461281
1.217	6.95248e-310	-0.461286
1.218	6.95248e-310	-0.461291
1.219	6.95248e-310	-0.461295
1.22	6.95248e-310	-0.4613
1.221	6.95248e-310	-0.461304
1.222	6.95248e-310	-0.461308
1.223	6.95248e-310	-0.461312
1.224	6.95248e-310	-0.461316
1.225	6.95248e-310	-0.46132
1.226	6.95248e-310	-0.461323
1.227	6.95248e-310	-0.461326
1.228	6.95248e-310	-0.461329
1.229	6.95248e-310	-0.461332
1.23	6.95248e-310	-0.461335
1.231	6.95248e-310	-0.461338
1.232	6.95248e-310	-0.461341
1.233	6.95248e-310	-0.461343
1.234	6.95248e-310	-0.461345
1.235	6.95248e-310	-0.461347
1.236	6.95248e-310	-0.461349
1.237	6.95248e-310	-0.46135
1.238	6.95248e-310	-0.461352
1.239	6.95248e-310	-0.461353
1.24	6.95248e-310	-0.461354
1.241	6.95248e-310	-0.461355
1.242	6.95248e-310	-0.461356
1.243	6.95248e-310	-0.461357
1.244	6.95248e-310	-0.461357
1.245	6.95248e-310	-0.461357
1.246	6.95248e-310	-0.461357
1.247	6.95248e-310	-0.461357
1.248	6.95248e-310	-0.461357
1.249	6.95248e-310	-0.461356
1.25	6.95248e-310	-0.461355
1.251	6.95248e-310	-0.461354
1.252	6.95248e-310	-0.461353
1.253	6.95248e-310	-0.461352
1.254	6.95248e-310	-0.46135
1.255	6.95248e-310	-0.461348
1.256	6.95248e-310	-0.461346
1.257	6.95248e-310	-0.461344
1.258	6.95248e-310	-0.461342
1.259	6.95248e-310	-0.461339
1.26	6.95248e-310	-0.461336
1.261	6.95248e-310	-0.461332
1.262	6.95248e-310	-0.461329
1.263	6.95248e-310	-0.461325
1.264	6.95248e-310	-0.461321
1.265	6.95248e-310	-0.461316
1.266	6.95248e-310	-0.461312
1.267	6.95248e-310	-0.461307
1.268	6.95248e-310	-0.461302
1.269	6.95248e-310	-0.461296
1.27	6.95248e-310	-0.461291
1.271	6.95248e-310	-0.461285
1.272	6.95248e-310	-0.461279
1.273	6.95248e-310	-0.461272
1.274	6.95248e-310	-0.461265
1.275	6.95248e-310	-0.461258
1.276	6.95248e-310	-0.461251
1.277	6.95248e-310	-0.461243
1.278	6.95248e-310	-0.461235
1.279	6.95248e-310	-0.461227
1.28	6.95248e-310	-0.461218
1.281	6.95248e-310	-0.46121
1.282	6.95248e-310	-0.461201
1.283	6.95248e-310	-0.461191
1.284	6.95248e-310	-0.461182
1.285	6.95248e-310	-0.461172
1.286	6.95248e-310	-0.461162
1.287	6.95248e-310	-0.461151
1.288	6.95248e-310	-0.461141
1.289	6.95248e-310	-0.46113
1.29	6.95248e-310	-0.461118
1.291	6.95248e-310	-0.461107
1.292	6.95248e-310	-0.461095
1.293	6.95248e-310	-0.461083
1.294	6.95248e-310	-0.461071
1.295	6.95248e-310	-0.461058
1.296	6.95248e-310	-0.461045
1.297	6.95248e-310	-0.461032
1.298	6.95248e-310	-0.461019
1.299	6.95248e-310	-0.461005
1.3	6.95248e-310	-0.460992
1.301	6.95248e-310	-0.460978
1.302	6.95248e-310	-0.460964
1.303	6.95248e-310	-0.460949
1.304	6.95248e-310	-0.460935
1.305	6.95248e-310	-0.460919
1.306	6.95248e-310	-0.460904
1.307	6.95248e-310	-0.460889
1.308	6.95248e-310	-0.460873
1.309	6.95248e-310	-0.460858
1.31	6.95248e-310	-0.460842
1.311	6.95248e-310	-0.460825
1.312	6.95248e-310	-0.460809
1.313	6.95248e-310	-0.460792
1.314	6.95248e-310	-0.460775
1.315	6.95248e-310	-0.460759
1.316	6.95248e-310	-0.460742
1.317	6.95248e-310	-0.460724
1.318	6.95248e-310	-0.460707
1.319	6.95248e-310	-0.460689
1.32	6.95248e-310	-0.460671
1.321	6.95248e-310	-0.460653
1.322	6.95248e-310	-0.460635
1.323	6.95248e-310	-0.460617
1.324	6.95248e-310	-0.460599
1.325	6.95248e-310	-0.46058
1.326	6.95248e-310	-0.460562
1.327	6.95248e-310	-0.460543
1.328	6.95248e-310	-0.460524
1.329	6.95248e-310	-0.460505
1.33	6.95248e-310	-0.460486
1.331	6.95248e-310	-0.460467
1.332	6.95248e-310	-0.460447
1.333	6.95248e-310	-0.460427
1.334	6.95248e-310	-0.460407
1.335	6.95248e-310	-0.460387
1.336	6.95248e-310	-0.460367
1.337	6.95248e-310	-0.460347
1.338	6.95248e-310	-0.460327
1.339	6.95248e-310	-0.460306
1.34	6.95248e-310	-0.460286
1.341	6.95248e-310	-0.460265
1.342	6.95248e-310	-0.460244
1.343	6.95248e-310	-0.460223
1.344	6.95248e-310	-0.460202
1.345	6.95248e-310	-0.46018
1.346	6.95248e-310	-0.460159
1.347	6.95248e-310	-0.460137
1.348	6.95248e-310	-0.460116
1.349	6.95248e-310	-0.460094
1.35	6.95248e-310	-0.460072
1.351	6.95248e-310	-0.46005
1.352	6.95248e-310	-0.460028
1.353	6.95248e-310	-0.460005
1.354	6.95248e-310	-0.459983
1.355	6.95248e-310	-0.45996
1.356	6.95248e-310	-0.459937
1.357	6.95248e-310	-0.459914
1.358	6.95248e-310	-0.459891
1.359	6.95248e-310	-0.459868
1.36	6.95248e-310	-0.459845
1.361	6.95248e-310	-0.459822
1.362	6.95248e-310	-0.459798
1.363	6.95248e-310	-0.459774
1.364	6.95248e-310	-0.459751
1.365	6.95248e-310	-0.459726
1.366	6.95248e-310	-0.459702
1.367	6.95248e-310	-0.459678
1.368	6.95248e-310	-0.459654
1.369	6.95248e-310	-0.459629
1.37	6.95248e-310	-0.459605
1.371	6.95248e-310	-0.45958
1.372	6.95248e-310	-0.459555
1.373	6.95248e-310	-0.45953
1.374	6.95248e-310	-0.459504
1.375	6.95248e-310	-0.459479
1.376	6.95248e-310	-0.459453
1.377	6.95248e-310	-0.459428
1.378	6.95248e-310	-0.459402
1.379	6.95248e-310	-0.459376
1.38	6.95248e-310	-0.45935
1.381	6.95248e-310	-0.459323
1.382	6.95248e-310	-0.459297
1.383	6.95248e-310	-0.45927
1.384	6.95248e-310	-0.459244
1.385	6.95248e-310	-0.459217
1.386	6.95248e-310	-0.45919
1.387	6.95248e-310	-0.459163
1.388	6.95248e-310	-0.459136
1.389	6.95248e-310	-0.459109
1.39	6.95248e-310	-0.459082
1.391	6.95248e-310	-0.459054
1.392	6.95248e-310	-0.459027
1.393	6.95248e-310	-0.458999
1.394	6.95248e-310	-0.458971
1.395	6.95248e-310	-0.458943
1.396	6.95248e-310	-0.458915
1.397	6.95248e-310	-0.458887
1.398	6.95248e-310	-0.458859
1.399	6.95248e-310	-0.458831
1.4	6.95248e-310	-0.458803
1.401	6.95248e-310	-0.458774
1.402	6.95248e-310	-0.458746
1.403	6.95248e-310	-0.458717
1.404	6.95248e-310	-0.458688
1.405	6.95248e-310	-0.45866
1.406	6.95248e-310	-0.458631
1.407	6.95248e-310	-0.458602
1.408	6.95248e-310	-0.458573
1.409	6.95248e-310	-0.458544
1.41	6.95248e-310	-0.458515
1.411	6.95248e-310	-0.458486
1.412	6.95248e-310	-0.458457
1.413	6.95248e-310	-0.458428
1.414	6.95248e-310	-0.458398
1.415	6.95248e-310	-0.458369
1.416	6.95248e-310	-0.45834
1.417	6.95248e-310	-0.45831
1.418	6.95248e-310	-0.458281
1.419	6.95248e-310	-0.458252
1.42	6.95248e-310	-0.458222
1.421	6.95248e-310	-0.458193
1.422	6.95248e-310	-0.458163
1.423	6.95248e-310	-0.458134
1.424	6.95248e-310	-0.458104
1.425	6.95248e-310	-0.458074
1.426	6.95248e-310	-0.458045
1.427	6.95248e-310	-0.458016
1.428	6.95248e-310	-0.457986
1.429	6.95248e-310	-0.457957
1.43	6.95248e-310	-0.457927
1.431	6.95248e-310	-0.457897
1.432	6.95248e-310	-0.457868
1.433	6.95248e-310	-0.457838
1.434	6.95248e-310	-0.457808
1.435	6.95248e-310	-0.457778
1.436	6.95248e-310	-0.457749
1.437	6.95248e-310	-0.457719
1.438	6.95248e-310	-0.45769
1.439	6.95248e-310	-0.45766
1.44	6.95248e-310	-0.457631
1.441	6.95248e-310	-0.457601
1.442	6.95248e-310	-0.457572
1.443	6.95248e-310	-0.457543
1.444	6.95248e-310	-0.457513
1.445	6.95248e-310	-0.457484
1.446	6.95248e-310	-0.457455
1.447	6.95248e-310	-0.457425
1.448	6.95248e-310	-0.457396
1.449	6.95248e-310	-0.457367
1.45	6.95248e-310	-0.457338
1.451	6.95248e-310	-0.457308
1.452	6.95248e-310	-0.45728
1.453	6.95248e-310	-0.45725
1.454	6.95248e-310	-0.457221
1.455	6.95248e-310	-0.457193
1.456	6.95248e-310	-0.457164
1.457	6.95248e-310	-0.457135
1.458	6.95248e-310	-0.457106
1.459	6.95248e-310	-0.457077
1.46	6.95248e-310	-0.457048
1.461	6.95248e-310	-0.457019
1.462	6.95248e-310	-0.456991
1.463	6.95248e-310	-0.456962
1.464	6.95248e-310	-0.456933
1.465	6.95248e-310	-0.456904
1.466	6.95248e-310	-0.456875
1.467	6.95248e-310	-0.456847
1.468	6.95248e-310	-0.456818
1.469	6.95248e-310	-0.45679
1.47	6.95248e-310	-0.456761
1.471	6.95248e-310	-0.456733
1.472	6.95248e-310	-0.456705
1.473	6.95248e-310	-0.456676
1.474	6.95248e-310	-0.456648
1.475	6.95248e-310	-0.45662
1.476	6.95248e-310	-0.456591
1.477	6.95248e-310	-0.456563
1.478	6.95248e-310	-0.456535
1.479	6.95248e-310	-0.456507
1.48	6.95248e-310	-0.456479
1.481	6.95248e-310	-0.456452
1.482	6.95248e-310	-0.456424
1.483	6.95248e-310	-0.456396
1.484	6.95248e-310	-0.456368
1.485	6.95248e-310	-0.45634
1.486	6.95248e-310	-0.456313
1.487	6.95248e-310	-0.456286
1.488	6.95248e-310	-0.456258
1.489	6.95248e-310	-0.456231
1.49	6.95248e-310	-0.456203
1.491	6.95248e-310	-0.456176
1.492	6.95248e-310	-0.456149
1.493	6.95248e-310	-0.456122
1.494	6.95248e-310	-0.456095
1.495	6.95248e-310	-0.456068
1.496	6.95248e-310	-0.456042
1.497	6.95248e-310	-0.456015
1.498	6.95248e-310	-0.455989
1.499	6.95248e-310	-0.455962
1.5	6.95248e-310	-0.455936
1.501	6.95248e-310	-0.455909
1.502	6.95248e-310	-0.455883
1.503	6.95248e-310	-0.455857
1.504	6.95248e-310	-0.455831
1.505	6.95248e-310	-0.455805
1.506	6.95248e-310	-0.455779
1.507	6.95248e-310	-0.455753
1.508	6.95248e-310	-0.455728
1.509	6.95248e-310	-0.455702
1.51	6.95248e-310	-0.455677
1.511	6.95248e-310	-0.455652
1.512	6.95248e-310	-0.455627
1.513	6.95248e-310	-0.455602
1.514	6.95248e-310	-0.455577
1.515	6.95248e-310	-0.455552
1.516	6.95248e-310	-0.455528
1.517	6.95248e-310	-0.455503
1.518	6.95248e-310	-0.455479
1.519	6.95248e-310	-0.455455
1.52	6.95248e-310	-0.455431
1.521	6.95248e-310	-0.455407
1.522	6.95248e-310	-0.455383
1.523	6.95248e-310	-0.455359
1.524	6.95248e-310	-0.455336
1.525	6.95248e-310	-0.455313
1.526	6.95248e-310	-0.45529
1.527	6.95248e-310	-0.455267
1.528	6.95248e-310	-0.455244
1.529	6.95248e-310	-0.455221
1.53	6.95248e-310	-0.455199
1.531	6.95248e-310	-0.455177
1.532	6.95248e-310	-0.455155
1.533	6.95248e-310	-0.455132
1.534	6.95248e-310	-0.455111
1.535	6.95248e-310	-0.455089
1.536	6.95248e-310	-0.455068
1.537	6.95248e-310	-0.455046
1.538	6.95248e-310	-0.455025
1.539	6.95248e-310	-0.455004
1.54	6.95248e-310	-0.454984
1.541	6.95248e-310	-0.454963
1.542	6.95248e-310	-0.454943
1.543	6.95248e-310	-0.454922
1.544	6.95248e-310	-0.454902
1.545	6.95248e-310	-0.454882
1.546	6.95248e-310	-0.454862
1.547	6.95248e-310	-0.454843
1.548	6.95248e-310	-0.454824
1.549	6.95248e-310	-0.454804
1.55	6.95248e-310	-0.454785
1.551	6.95248e-310	-0.454766
1.552	6.95248e-310	-0.454748
1.553	6.95248e-310	-0.454729
1.554	6.95248e-310	-0.454711
1.555	6.95248e-310	-0.454693
1.556	6.95248e-310	-0.454675
1.557	6.95248e-310	-0.454657
1.558	6.95248e-310	-0.45464
1.559	6.95248e-310	-0.454623
1.56	6.95248e-310	-0.454606
1.561	6.95248e-310	-0.454589
1.562	6.95248e-310	-0.454572
1.563	6.95248e-310	-0.454555
1.564	6.95248e-310	-0.454539
1.565	6.95248e-310	-0.454523
1.566	6.95248e-310	-0.454507
1.567	6.95248e-310	-0.454491
1.568	6.95248e-310	-0.454476
1.569	6.95248e-310	-0.454461
1.57	6.95248e-310	-0.454445
1.571	6.95248e-310	-0.45443
1.572	6.95248e-310	-0.454416
1.573	6.95248e-310	-0.454401
1.574	6.95248e-310	-0.454387
1.575	6.95248e-310	-0.454373
1.576	6.95248e-310	-0.454359
1.577	6.95248e-310	-0.454345
1.578	6.95248e-310	-0.454332
1.579	6.95248e-310	-0.454318
1.58	6.95248e-310	-0.454305
1.581	6.95248e-310	-0.454292
1.582	6.95248e-310	-0.454279
1.583	6.95248e-310	-0.454267
1.584	6.95248e-310	-0.454255
1.585	6.95248e-310	-0.454242
1.586	6.95248e-310	-0.45423
1.587	6.95248e-310	-0.454219
1.588	6.95248e-310	-0.454207
1.589	6.95248e-310	-0.454196
1.59	6.95248e-310	-0.454185
1.591	6.95248e-310	-0.454174
1.592	6.95248e-310	-0.454163
1.593	6.95248e-310	-0.454153
1.594	6.95248e-310	-0.454143
1.595	6.95248e-310	-0.454133
1.596	6.95248e-310	-0.454123
1.597	6.95248e-310	-0.454113
1.598	6.95248e-310	-0.454104
1.599	6.95248e-310	-0.454095
1.6	6.95248e-310	-0.454086
1.601	6.95248e-310	-0.454077
1.602	6.95248e-310	-0.454068
1.603	6.95248e-310	-0.45406
1.604	6.95248e-310	-0.454052
1.605	6.95248e-310	-0.454044
1.606	6.95248e-310	-0.454036
1.607	6.95248e-310	-0.454029
1.608	6.95248e-310	-0.454022
1.609	6.95248e-310	-0.454015
1.61	6.95248e-310	-0.454009
1.611	6.95248e-310	-0.454002
1.612	6.95248e-310	-0.453996
1.613	6.95248e-310	-0.45399
1.614	6.95248e-310	-0.453984
1.615	6.95248e-310	-0.453978
1.616	6.95248e-310	-0.453973
1.617	6.95248e-310	-0.453968
1.618	6.95248e-310	-0.453963
1.619	6.95248e-310	-0.453958
1.62	6.95248e-310	-0.453954
1.621	6.95248e-310	-0.45395
1.622	6.95248e-310	-0.453946
1.623	6.95248e-310	-0.453942
1.624	6.95248e-310	-0.453938
1.625	6.95248e-310	-0.453935
1.626	6.95248e-310	-0.453932
1.627	6.95248e-310	-0.453929
1.628	6.95248e-310	-0.453927
1.629	6.95248e-310	-0.453925
1.63	6.95248e-310	-0.453922
1.631	6.95248e-310	-0.453921
1.632	6.95248e-310	-0.453919
1.633	6.95248e-310	-0.453918
1.634	6.95248e-310	-0.453917
1.635	6.95248e-310	-0.453916
1.636	6.95248e-310	-0.453915
1.637	6.95248e-310	-0.453915
1.638	6.95248e-310	-0.453915
1.639	6.95248e-310	-0.453915
1.64	6.95248e-310	-0.453915
1.641	6.95248e-310	-0.453915
1.642	6.95248e-310	-0.453916
1.643	6.95248e-310	-0.453917
1.644	6.95248e-310	-0.453918
1.645	6.95248e-310	-0.45392
1.646	6.95248e-310	-0.453921
1.647	6.95248e-310	-0.453923
1.648	6.95248e-310	-0.453925
1.649	6.95248e-310	-0.453927
1.65	6.95248e-310	-0.45393
1.651	6.95248e-310	-0.453933
1.652	6.95248e-310	-0.453936
1.653	6.95248e-310	-0.453939
1.654	6.95248e-310	-0.453942
1.655	6.95248e-310	-0.453946
1.656	6.95248e-310	-0.45395
1.657	6.95248e-310	-0.453954
1.658	6.95248e-310	-0.453959
1.659	6.95248e-310	-0.453963
1.66	6.95248e-310	-0.453968
1.661	6.95248e-310	-0.453973
1.662	6.95248e-310	-0.453978
1.663	6.95248e-310	-0.453984
1.664	6.95248e-310	-0.45399
1.665	6.95248e-310	-0.453996
1.666	6.95248e-310	-0.454002
1.667	6.95248e-310	-0.454009
1.668	6.95248e-310	-0.454015
1.669	6.95248e-310	-0.454022
1.67	6.95248e-310	-0.454029
1.671	6.95248e-310	-0.454037
1.672	6.95248e-310	-0.454044
1.673	6.95248e-310	-0.454052
1.674	6.95248e-310	-0.45406
1.675	6.95248e-310	-0.454068
1.676	6.95248e-310	-0.454076
1.677	6.95248e-310	-0.454085
1.678	6.95248e-310	-0.454094
1.679	6.95248e-310	-0.454103
1.68	6.95248e-310	-0.454112
1.681	6.95248e-310	-0.454122
1.682	6.95248e-310	-0.454131
1.683	6.95248e-310	-0.454141
1.684	6.95248e-310	-0.454151
1.685	6.95248e-310	-0.454162
1.686	6.95248e-310	-0.454172
1.687	6.95248e-310	-0.454183
1.688	6.95248e-310	-0.454194
1.689	6.95248e-310	-0.454205
1.69	6.95248e-310	-0.454216
1.691	6.95248e-310	-0.454228
1.692	6.95248e-310	-0.454239
1.693	6.95248e-310	-0.454252
1.694	6.95248e-310	-0.454264
1.695	6.95248e-310	-0.454276
1.696	6.95248e-310	-0.454289
1.697	6.95248e-310	-0.454302
1.698	6.95248e-310	-0.454315
1.699	6.95248e-310	-0.454328
1.7	6.95248e-310	-0.454342
1.701	6.95248e-310	-0.454355
1.702	6.95248e-310	-0.454369
1.703	6.95248e-310	-0.454383
1.704	6.95248e-310	-0.454397
1.705	6.95248e-310	-0.454412
1.706	6.95248e-310	-0.454426
1.707	6.95248e-310	-0.454441
1.708	6.95248e-310	-0.454456
1.709	6.95248e-310	-0.454471
1.71	6.95248e-310	-0.454486
1.711	6.95248e-310	-0.454502
1.712	6.95248e-310	-0.454517
1.713	6.95248e-310	-0.454533
1.714	6.95248e-310	-0.454549
1.715	6.95248e-310	-0.454566
1.716	6.95248e-310	-0.454582
1.717	6.95248e-310	-0.454599
1.718	6.95248e-310	-0.454615
1.719	6.95248e-310	-0.454632
1.72	6.95248e-310	-0.454649
1.721	6.95248e-310	-0.454666
1.722	6.95248e-310	-0.454684
1.723	6.95248e-310	-0.454702
1.724	6.95248e-310	-0.454719
1.725	6.95248e-310	-0.454737
1.726	6.95248e-310	-0.454755
1.727	6.95248e-310	-0.454774
1.728	6.95248e-310	-0.454792
1.729	6.95248e-310	-0.454811
1.73	6.95248e-310	-0.45483
1.731	6.95248e-310	-0.454848
1.732	6.95248e-310	-0.454867
1.733	6.95248e-310	-0.454887
1.734	6.95248e-310	-0.454906
1.735	6.95248e-310	-0.454926
1.736	6.95248e-310	-0.454945
1.737	6.95248e-310	-0.454965
1.738	6.95248e-310	-0.454985
1.739	6.95248e-310	-0.455006
1.74	6.95248e-310	-0.455026
1.741	6.95248e-310	-0.455047
1.742	6.95248e-310	-0.455068
1.743	6.95248e-310	-0.455088
1.744	6.95248e-310	-0.455109
1.745	6.95248e-310	-0.45513
1.746	6.95248e-310	-0.455152
1.747	6.95248e-310	-0.455173
1.748	6.95248e-310	-0.455195
1.749	6.95248e-310	-0.455217
1.75	6.95248e-310	-0.455238
1.751	6.95248e-310	-0.45526
1.752	6.95248e-310	-0.455282
1.753	6.95248e-310	-0.455305
1.754	6.95248e-310	-0.455327
1.755	6.95248e-310	-0.45535
1.756	6.95248e-310	-0.455373
1.757	6.95248e-310	-0.455395
1.758	6.95248e-310	-0.455418
1.759	6.95248e-310	-0.455441
1.76	6.95248e-310	-0.455464
1.761	6.95248e-310	-0.455488
1.762	6.95248e-310	-0.455511
1.763	6.95248e-310	-0.455535
1.764	6.95248e-310	-0.455559
1.765	6.95248e-310	-0.455582
1.766	6.95248e-310	-0.455606
1.767	6.95248e-310	-0.45563
1.768	6.95248e-310	-0.455655
1.769	6.95248e-310	-0.455679
1.77	6.95248e-310	-0.455703
1.771	6.95248e-310	-0.455728
1.772	6.95248e-310	-0.455752
1.773	6.95248e-310	-0.455777
1.774	6.95248e-310	-0.455802
1.775	6.95248e-310	-0.455827
1.776	6.95248e-310	-0.455852
1.777	6.95248e-310	-0.455877
1.778	6.95248e-310	-0.455902
1.779	6.95248e-310	-0.455928
1.78	6.95248e-310	-0.455953
1.781	6.95248e-310	-0.455979
1.782	6.95248e-310	-0.456004
1.783	6.95248e-310	-0.45603
1.784	6.95248e-310	-0.456055
1.785	6.95248e-310	-0.456081
1.786	6.95248e-310	-0.456107
1.787	6.95248e-310	-0.456133
1.788	6.95248e-310	-0.456159
1.789	6.95248e-310	-0.456185
1.79	6.95248e-310	-0.456212
1.791	6.95248e-310	-0.456238
1.792	6.95248e-310	-0.456264
1.793	6.95248e-310	-0.456291
1.794	6.95248e-310	-0.456318
1.795	6.95248e-310	-0.456344
1.796	6.95248e-310	-0.456371
1.797	6.95248e-310	-0.456398
1.798	6.95248e-310	-0.456425
1.799	6.95248e-310	-0.456452
1.8	6.95248e-310	-0.456478
1.801	6.95248e-310	-0.456505
1.802	6.95248e-310	-0.456533
1.803	6.95248e-310	-0.45656
1.804	6.95248e-310	-0.456587
1.805	6.95248e-310	-0.456614
1.806	6.95248e-310	-0.456641
1.807	6.95248e-310	-0.456669
1.808	6.95248e-310	-0.456696
1.809	6.95248e-310	-0.456724
1.81	6.95248e-310	-0.456751
1.811	6.95248e-310	-0.456779
1.812	6.95248e-310	-0.456806
1.813	6.95248e-310	-0.456834
1.814	6.95248e-310	-0.456861
1.815	6.95248e-310	-0.456889
1.816	6.95248e-310	-0.456917
1.817	6.95248e-310	-0.456945
1.818	6.95248e-310	-0.456973
1.819	6.95248e-310	-0.457001
1.82	6.95248e-310	-0.457029
1.821	6.95248e-310	-0.457056
1.822	6.95248e-310	-0.457084
1.823	6.95248e-310	-0.457112
1.824	6.95248e-310	-0.45714
1.825	6.95248e-310	-0.457168
1.826	6.95248e-310	-0.457196
1.827	6.95248e-310	-0.457224
1.828	6.95248e-310	-0.457251
1.829	6.95248e-310	-0.457279
1.83	6.95248e-310	-0.457307
1.831	6.95248e-310	-0.457335
1.832	6.95248e-310	-0.457363
1.833	6.95248e-310	-0.457391
1.834	6.95248e-310	-0.457419
1.835	6.95248e-310	-0.457447
1.836	6.95248e-310	-0.457475
1.837	6.95248e-310	-0.457502
1.838	6.95248e-310	-0.45753
1.839	6.95248e-310	-0.457558
1.84	6.95248e-310	-0.457586
1.841	6.95248e-310	-0.457614
1.842	6.95248e-310	-0.457642
1.843	6.95248e-310	-0.45767
1.844	6.95248e-310	-0.457698
1.845	6.95248e-310	-0.457726
1.846	6.95248e-310	-0.457753
1.847	6.95248e-310	-0.457781
1.848	6.95248e-310	-0.457809
1.849	6.95248e-310	-0.457837
1.85	6.95248e-310	-0.457865
1.851	6.95248e-310	-0.457893
1.852	6.95248e-310	-0.45792
1.853	6.95248e-310	-0.457948
1.854	6.95248e-310	-0.457976
1.855	6.95248e-310	-0.458003
1.856	6.95248e-310	-0.458031
1.857	6.95248e-310	-0.458058
1.858	6.95248e-310	-0.458086
1.859	6.95248e-310	-0.458113
1.86	6.95248e-310	-0.458141
1.861	6.95248e-310	-0.458168
1.862	6.95248e-310	-0.458195
1.863	6.95248e-310	-0.458223
1.864	6.95248e-310	-0.45825
1.865	6.95248e-310	-0.458277
1.866	6.95248e-310	-0.458304
1.867	6.95248e-310	-0.458331
1.868	6.95248e-310	-0.458358
1.869	6.95248e-310	-0.458385
1.87	6.95248e-310	-0.458412
1.871	6.95248e-310	-0.458439
1.872	6.95248e-310	-0.458466
1.873	6.95248e-310	-0.458492
1.874	6.95248e-310	-0.458519
1.875	6.95248e-310	-0.458546
1.876	6.95248e-310	-0.458572
1.877	6.95248e-310	-0.458599
1.878	6.95248e-310	-0.458625
1.879	6.95248e-310	-0.458651
1.88	6.95248e-310	-0.458678
1.881	6.95248e-310	-0.458704
1.882	6.95248e-310	-0.45873
1.883	6.95248e-310	-0.458756
1.884	6.95248e-310	-0.458782
1.885	6.95248e-310	-0.458808
1.886	6.95248e-310	-0.458834
1.887	6.95248e-310	-0.45886
1.888	6.95248e-310	-0.458885
1.889	6.95248e-310	-0.458911
1.89	6.95248e-310	-0.458936
1.891	6.95248e-310	-0.458961
1.892	6.95248e-310	-0.458987
1.893	6.95248e-310	-0.459012
1.894	6.95248e-310	-0.459037
1.895	6.95248e-310	-0.459062
1.896	6.95248e-310	-0.459087
1.897	6.95248e-310	-0.459112
1.898	6.95248e-310	-0.459136
1.899	6.95248e-310	-0.459161
1.9	6.95248e-310	-0.459185
1.901	6.95248e-310	-0.45921
1.902	6.95248e-310	-0.459234
1.903	6.95248e-310	-0.459258
1.904	6.95248e-310	-0.459282
1.905	6.95248e-310	-0.459306
1.906	6.95248e-310	-0.45933
1.907	6.95248e-310	-0.459354
1.908	6.95248e-310	-0.459377
1.909	6.95248e-310	-0.459401
1.91	6.95248e-310	-0.459424
1.911	6.95248e-310	-0.459447
1.912	6.95248e-310	-0.45947
1.913	6.95248e-310	-0.459494
1.914	6.95248e-310	-0.459516
1.915	6.95248e-310	-0.459539
1.916	6.95248e-310	-0.459562
1.917	6.95248e-310	-0.459584
1.918	6.95248e-310	-0.459606
1.919	6.95248e-310	-0.459628
1.92	6.95248e-310	-0.459651
1.921	6.95248e-310	-0.459673
1.922	6.95248e-310	-0.459694
1.923	6.95248e-310	-0.459716
1.924	6.95248e-310	-0.459737
1.925	6.95248e-310	-0.459758
1.926	6.95248e-310	-0.45978
1.927	6.95248e-310	-0.459801
1.928	6.95248e-310	-0.459822
1.929	6.95248e-310	-0.459842
1.93	6.95248e-310	-0.459863
1.931	6.95248e-310	-0.459883
1.932	6.95248e-310	-0.459903
1.933	6.95248e-310	-0.459924
1.934	6.95248e-310	-0.459943
1.935	6.95248e-310	-0.459963
1.936	6.95248e-310	-0.459983
1.937	6.95248e-310	-0.460003
1.938	6.95248e-310	-0.460022
1.939	6.95248e-310	-0.460041
1.94	6.95248e-310	-0.46006
1.941	6.95248e-310	-0.460079
1.942	6.95248e-310	-0.460097
1.943	6.95248e-310	-0.460116
1.944	6.95248e-310	-0.460134
1.945	6.95248e-310	-0.460152
1.946	6.95248e-310	-0.46017
1.947	6.95248e-310	-0.460188
1.948	6.95248e-310	-0.460205
1.949	6.95248e-310	-0.460223
1.95	6.95248e-310	-0.46024
1.951	6.95248e-310	-0.460257
1.952	6.95248e-310	-0.460274
1.953	6.95248e-310	-0.460291
1.954	6.95248e-310	-0.460307
1.955	6.95248e-310	-0.460324
1.956	6.95248e-310	-0.46034
1.957	6.95248e-310	-0.460356
1.958	6.95248e-310	-0.460371
1.959	6.95248e-310	-0.460387
1.96	6.95248e-310	-0.460402
1.961	6.95248e-310	-0.460418
1.962	6.95248e-310	-0.460433
1.963	6.95248e-310	-0.460448
1.964	6.95248e-310	-0.460463
1.965	6.95248e-310	-0.460477
1.966	6.95248e-310	-0.460492
1.967	6.95248e-310	-0.460506
1.968	6.95248e-310	-0.46052
1.969	6.95248e-310	-0.460533
1.97	6.95248e-310	-0.460547
1.971	6.95248e-310	-0.46056
1.972	6.95248e-310	-0.460574
1.973	6.95248e-310	-0.460587
1.974	6.95248e-310	-0.4606
1.975	6.95248e-310	-0.460612
1.976	6.95248e-310	-0.460625
1.977	6.95248e-310	-0.460637
1.978	6.95248e-310	-0.460649
1.979	6.95248e-310	-0.460661
1.98	6.95248e-310	-0.460672
1.981	6.95248e-310	-0.460684
1.982	6.95248e-310	-0.460695
1.983	6.95248e-310	-0.460706
1.984	6.95248e-310	-0.460717
1.985	6.95248e-310	-0.460728
1.986	6.95248e-310	-0.460738
1.987	6.95248e-310	-0.460748
1.988	6.95248e-310	-0.460759
1.989	6.95248e-310	-0.460768
1.99	6.95248e-310	-0.460778
1.991	6.95248e-310	-0.460787
1.992	6.95248e-310	-0.460796
1.993	6.95248e-310	-0.460805
1.994	6.95248e-310	-0.460814
1.995	6.95248e-310	-0.460823
1.996	6.95248e-310	-0.460831
1.997	6.95248e-310	-0.46084
1.998	6.95248e-310	-0.460847
1.999	6.95248e-310	-0.460855
2	6.95248e-310	-0.460863
2.001	6.95248e-310	-0.46087
2.002	6.95248e-310	-0.460877
2.003	6.95248e-310	-0.460884
2.004	6.95248e-310	-0.460891
2.005	6.95248e-310	-0.460897
2.006	6.95248e-310	-0.460903
2.007	6.95248e-310	-0.460909
2.008	6.95248e-310	-0.460915
2.009	6.95248e-310	-0.460921
2.01	6.95248e-310	-0.460926
2.011	6.95248e-310	-0.460931
2.012	6.95248e-310	-0.460936
2.013	6.95248e-310	-0.460941
2.014	6.95248e-310	-0.460946
2.015	6.95248e-310	-0.46095
2.016	6.95248e-310	-0.460954
2.017	6.95248e-310	-0.460958
2.018	6.95248e-310	-0.460962
2.019	6.95248e-310	-0.460965
2.02	6.95248e-310	-0.460968
2.021	6.95248e-310	-0.460971
2.022	6.95248e-310	-0.460974
2.023	6.95248e-310	-0.460976
2.024	6.95248e-310	-0.460978
2.025	6.95248e-310	-0.460981
2.026	6.95248e-310	-0.460983
2.027	6.95248e-310	-0.460984
2.028	6.95248e-310	-0.460986
2.496	-1.5708	-1.3468
2.497	-1.5708	-1.37468
2.498	-1.5708	-1.40409
2.499	-1.5708	-1.43118
2.5	-1.5708	-1.45222
2.501	-1.5708	-1.45424
2.502	-1.5708	-1.44844
2.503	-1.5708	-1.28357
2.504	-1.5708	-1.20226
2.505	-1.5708	-1.10952
2.506	-1.5708	-1.01958
2.507	-1.5708	-0.957053
2.508	-1.5708	-0.91521
2.509	-1.5708	-0.884913
2.51	-1.5708	-0.868235
2.511	-1.5708	-0.867739
2.512	-1.5708	-0.88588
2.513	-1.5708	-0.920426
2.514	-1.5708	-0.961799
2.515	-1.5708	-1.00042
2.516	-1.5708	-1.03646
2.517	-1.5708	-1.00964
2.518	-1.5708	-1.02708
2.519	-1.5708	-1.07065
2.52	-1.5708	-1.134
2.521	-1.5708	-1.20387
2.522	-1.5708	-1.26874
2.523	-1.5708	-1.32199
2.524	-1.5708	-1.36128
2.525	-1.5708	-1.3887
2.526	-1.5708	-1.409
2.527	-1.5708	-1.42678
2.528	-1.5708	-1.44725
2.529	-1.5708	-1.48441
2.53	-1.5708	-1.54944
2.531	-1.5708	-1.62938
0.041	2.04723e-306	-0.522225
0.042	2.04723e-306	-0.522191
0.043	2.04723e-306	-0.522157
0.044	2.04723e-306	-0.522123
0.045	2.04723e-306	-0.522089
0.046	2.04723e-306	-0.522056
0.047	2.04723e-306	-0.522021
0.048	2.04723e-306	-0.521988
0.049	2.04723e-306	-0.521953
0.05	2.04723e-306	-0.521919
0.051	2.04723e-306	-0.521885
0.052	2.04723e-306	-0.521851
0.053	2.04723e-306	-0.521817
0.054	2.04723e-306	-0.521783
0.055	2.04723e-306	-0.521749
0.056	2.04723e-306	-0.521715
0.057	2.04723e-306	-0.521681
0.058	2.04723e-306	-0.521647
0.059	2.04723e-306	-0.521613
0.06	2.04723e-306	-0.521579
0.061	2.04723e-306	-0.521545
0.062	2.04723e-306	-0.52151
0.063	2.04723e-306	-0.521476
0.064	2.04723e-306	-0.521442
0.065	2.04723e-306	-0.521408
0.066	2.04723e-306	-0.521373
0.067	2.04723e-306	-0.521339
0.068	2.04723e-306	-0.521305
0.069	2.04723e-306	-0.52127
0.07	2.04723e-306	-0.521236
0.071	2.04723e-306	-0.521202
0.072	2.04723e-306	-0.521167
0.073	2.04723e-306	-0.521133
0.074	2.04723e-306	-0.521098
0.075	2.04723e-306	-0.521064
0.076	2.04723e-306	-0.521029
0.077	2.04723e-306	-0.520995
0.078	2.04723e-306	-0.52096
0.079	2.04723e-306	-0.520925
0.08	2.04723e-306	-0.520891
0.081	2.04723e-306	-0.520856
0.082	2.04723e-306	-0.520822
0.083	2.04723e-306	-0.520787
0.084	2.04723e-306	-0.520753
0.085	2.04723e-306	-0.520718
0.086	2.04723e-306	-0.520683
0.087	2.04723e-306	-0.520649
0.088	2.04723e-306	-0.520614
0.089	2.04723e-306	-0.520579
0.09	2.04723e-306	-0.520545
0.091	2.04723e-306	-0.52051
0.092	2.04723e-306	-0.520475
0.093	2.04723e-306	-0.52044
0.094	2.04723e-306	-0.520405
0.095	2.04723e-306	-0.52037
0.096	2.04723e-306	-0.520335
0.097	2.04723e-306	-0.5203
0.098	2.04723e-306	-0.520265
0.099	2.04723e-306	-0.52023
0.1	2.04723e-306	-0.520195
0.101	2.04723e-306	-0.52016
0.102	2.04723e-306	-0.520125
0.103	2.04723e-306	-0.52009
0.104	2.04723e-306	-0.520055
0.105	2.04723e-306	-0.52002
0.106	2.04723e-306	-0.519985
0.107	2.04723e-306	-0.51995
0.108	2.04723e-306	-0.519915
0.109	2.04723e-306	-0.51988
0.11	2.04723e-306	-0.519845
0.111	2.04723e-306	-0.51981
0.112	2.04723e-306	-0.519775
0.113	2.04723e-306	-0.51974
0.114	2.04723e-306	-0.519704
0.115	2.04723e-306	-0.519669
0.116	2.04723e-306	-0.519634
0.117	2.04723e-306	-0.519599
0.118	2.04723e-306	-0.519563
0.119	2.04723e-306	-0.519528
0.12	2.04723e-306	-0.519493
0.121	2.04723e-306	-0.519457
0.122	2.04723e-306	-0.519422
0.123	2.04723e-306	-0.519386
0.124	2.04723e-306	-0.519351
0.125	2.04723e-306	-0.519315
0.126	2.04723e-306	-0.51928
0.127	2.04723e-306	-0.519244
0.128	2.04723e-306	-0.519209
0.129	2.04723e-306	-0.519173
0.13	2.04723e-306	-0.519138
0.131	2.04723e-306	-0.519102
0.132	2.04723e-306	-0.519067
0.133	2.04723e-306	-0.519031
0.134	2.04723e-306	-0.518996
0.135	2.04723e-306	-0.51896
0.136	2.04723e-306	-0.518925
0.137	2.04723e-306	-0.518889
0.138	2.04723e-306	-0.518854
0.139	2.04723e-306	-0.518818
0.14	2.04723e-306	-0.518782
0.141	2.04723e-306	-0.518746
0.142	2.04723e-306	-0.51871
0.143	2.04723e-306	-0.518675
0.144	2.04723e-306	-0.518639
0.145	2.04723e-306	-0.518603
0.146	2.04723e-306	-0.518568
0.147	2.04723e-306	-0.518532
0.148	2.04723e-306	-0.518496
0.149	2.04723e-306	-0.51846
0.15	2.04723e-306	-0.518424
0.151	2.04723e-306	-0.518388
0.152	2.04723e-306	-0.518352
0.153	2.04723e-306	-0.518316
0.154	2.04723e-306	-0.51828
0.155	2.04723e-306	-0.518244
0.156	2.04723e-306	-0.518208
0.157	2.04723e-306	-0.518172
0.158	2.04723e-306	-0.518136
0.159	2.04723e-306	-0.5181
0.16	2.04723e-306	-0.518064
0.161	2.04723e-306	-0.518028
0.162	2.04723e-306	-0.517992
0.163	2.04723e-306	-0.517956
0.164	2.04723e-306	-0.51792
0.165	2.04723e-306	-0.517884
0.166	2.04723e-306	-0.517848
0.167	2.04723e-306	-0.517811
0.168	2.04723e-306	-0.517775
0.169	2.04723e-306	-0.517739
0.17	2.04723e-306	-0.517703
0.171	2.04723e-306	-0.517667
0.172	2.04723e-306	-0.51763
0.173	2.04723e-306	-0.517594
0.174	2.04723e-306	-0.517558
0.175	2.04723e-306	-0.517522
0.176	2.04723e-306	-0.517485
0.177	2.04723e-306	-0.517449
0.178	2.04723e-306	-0.517412
0.179	2.04723e-306	-0.517376
0.18	2.04723e-306	-0.51734
0.181	2.04723e-306	-0.517303
0.182	2.04723e-306	-0.517267
0.183	2.04723e-306	-0.51723
0.184	2.04723e-306	-0.517194
0.185	2.04723e-306	-0.517157
0.186	2.04723e-306	-0.51712
0.187	2.04723e-306	-0.517084
0.188	2.04723e-306	-0.517047
0.189	2.04723e-306	-0.517011
0.19	2.04723e-306	-0.516974
0.191	2.04723e-306	-0.516938
0.192	2.04723e-306	-0.516901
0.193	2.04723e-306	-0.516864
0.194	2.04723e-306	-0.516827
0.195	2.04723e-306	-0.516791
0.196	2.04723e-306	-0.516754
0.197	2.04723e-306	-0.516717
0.198	2.04723e-306	-0.51668
0.199	2.04723e-306	-0.516644
0.2	2.04723e-306	-0.516607
0.201	2.04723e-306	-0.51657
0.202	2.04723e-306	-0.516533
0.203	2.04723e-306	-0.516496
0.204	2.04723e-306	-0.516459
0.205	2.04723e-306	-0.516422
0.206	2.04723e-306	-0.516385
0.207	2.04723e-306	-0.516348
0.208	2.04723e-306	-0.516311
0.209	2.04723e-306	-0.516274
0.21	2.04723e-306	-0.516237
0.211	2.04723e-306	-0.5162
0.212	2.04723e-306	-0.516163
0.213	2.04723e-306	-0.516126
0.214	2.04723e-306	-0.516089
0.215	2.04723e-306	-0.516052
0.216	2.04723e-306	-0.516015
0.217	2.04723e-306	-0.515978
0.218	2.04723e-306	-0.515942
0.219	2.04723e-306	-0.515904
0.22	2.04723e-306	-0.515867
0.221	2.04723e-306	-0.51583
0.222	2.04723e-306	-0.515793
0.223	2.04723e-306	-0.515755
0.224	2.04723e-306	-0.515718
0.225	2.04723e-306	-0.515681
0.226	2.04723e-306	-0.515643
0.227	2.04723e-306	-0.515606
0.228	2.04723e-306	-0.515569
0.229	2.04723e-306	-0.515531
0.23	2.04723e-306	-0.515494
0.231	2.04723e-306	-0.515457
0.232	2.04723e-306	-0.515419
0.233	2.04723e-306	-0.515382
0.234	2.04723e-306	-0.515344
0.235	2.04723e-306	-0.515307
0.236	2.04723e-306	-0.515269
0.237	2.04723e-306	-0.515232
0.238	2.04723e-306	-0.515194
0.239	2.04723e-306	-0.515157
0.24	2.04723e-306	-0.515119
0.241	2.04723e-306	-0.515082
0.242	2.04723e-306	-0.515045
0.243	2.04723e-306	-0.515007
0.244	2.04723e-306	-0.514969
0.245	2.04723e-306	-0.514932
0.246	2.04723e-306	-0.514894
0.247	2.04723e-306	-0.514856
0.248	2.04723e-306	-0.514819
0.249	2.04723e-306	-0.514781
0.25	2.04723e-306	-0.514744
0.251	2.04723e-306	-0.514706
0.252	2.04723e-306	-0.514668
0.253	2.04723e-306	-0.51463
0.254	2.04723e-306	-0.514592
0.255	2.04723e-306	-0.514555
0.256	2.04723e-306	-0.514517
0.257	2.04723e-306	-0.514479
0.258	2.04723e-306	-0.514441
0.259	2.04723e-306	-0.514403
0.26	2.04723e-306	-0.514365
0.261	2.04723e-306	-0.514327
0.262	2.04723e-306	-0.514289
0.263	2.04723e-306	-0.514251
0.264	2.04723e-306	-0.514213
0.265	2.04723e-306	-0.514176
0.266	2.04723e-306	-0.514137
0.267	2.04723e-306	-0.514099
0.268	2.04723e-306	-0.514062
0.269	2.04723e-306	-0.514024
0.27	2.04723e-306	-0.513986
0.271	2.04723e-306	-0.513948
0.272	2.04723e-306	-0.513909
0.273	2.04723e-306	-0.513871
0.274	2.04723e-306	-0.513833
0.275	2.04723e-306	-0.513795
0.276	2.04723e-306	-0.513757
0.277	2.04723e-306	-0.513718
0.278	2.04723e-306	-0.51368
0.279	2.04723e-306	-0.513642
0.28	2.04723e-306	-0.513604
0.281	2.04723e-306	-0.513565
0.282	2.04723e-306	-0.513527
0.283	2.04723e-306	-0.513489
0.284	2.04723e-306	-0.51345
0.285	2.04723e-306	-0.513412
0.286	2.04723e-306	-0.513373
0.287	2.04723e-306	-0.513335
0.288	2.04723e-306	-0.513296
0.289	2.04723e-306	-0.513258
0.29	2.04723e-306	-0.51322
0.291	2.04723e-306	-0.513181
0.292	2.04723e-306	-0.513143
0.293	2.04723e-306	-0.513105
0.294	2.04723e-306	-0.513066
0.295	2.04723e-306	-0.513028
0.296	2.04723e-306	-0.512989
0.297	2.04723e-306	-0.51295
0.298	2.04723e-306	-0.512912
0.299	2.04723e-306	-0.512873
0.3	2.04723e-306	-0.512834
0.301	2.04723e-306	-0.512796
0.302	2.04723e-306	-0.512757
0.303	2.04723e-306	-0.512718
0.304	2.04723e-306	-0.512679
0.305	2.04723e-306	-0.512641
0.306	2.04723e-306	-0.512602
0.307	2.04723e-306	-0.512563
0.308	2.04723e-306	-0.512524
0.309	2.04723e-306	-0.512485
0.31	2.04723e-306	-0.512446
0.311	2.04723e-306	-0.512407
0.312	2.04723e-306	-0.512369
0.313	2.04723e-306	-0.51233
0.314	2.04723e-306	-0.512291
0.315	2.04723e-306	-0.512252
0.316	2.04723e-306	-0.512213
0.317	2.04723e-306	-0.512174
0.318	2.04723e-306	-0.512135
0.319	2.04723e-306	-0.512096
0.32	2.04723e-306	-0.512057
0.321	2.04723e-306	-0.512018
0.322	2.04723e-306	-0.511979
0.323	2.04723e-306	-0.51194
0.324	2.04723e-306	-0.511901
0.325	2.04723e-306	-0.511862
0.326	2.04723e-306	-0.511823
0.327	2.04723e-306	-0.511784
0.328	2.04723e-306	-0.511745
0.329	2.04723e-306	-0.511706
0.33	2.04723e-306	-0.511666
0.331	2.04723e-306	-0.511627
0.332	2.04723e-306	-0.511588
0.333	2.04723e-306	-0.511549
0.334	2.04723e-306	-0.511509
0.335	2.04723e-306	-0.51147
0.336	2.04723e-306	-0.511431
0.337	2.04723e-306	-0.511391
0.338	2.04723e-306	-0.511352
0.339	2.04723e-306	-0.511313
0.34	2.04723e-306	-0.511273
0.341	2.04723e-306	-0.511234
0.342	2.04723e-306	-0.511195
0.343	2.04723e-306	-0.511155
0.344	2.04723e-306	-0.511116
0.345	2.04723e-306	-0.511077
0.346	2.04723e-306	-0.511037
0.347	2.04723e-306	-0.510998
0.348	2.04723e-306	-0.510958
0.349	2.04723e-306	-0.510919
0.35	2.04723e-306	-0.510879
0.351	2.04723e-306	-0.51084
0.352	2.04723e-306	-0.5108
0.353	2.04723e-306	-0.510761
0.354	2.04723e-306	-0.510721
0.355	2.04723e-306	-0.510681
0.356	2.04723e-306	-0.510641
0.357	2.04723e-306	-0.510602
0.358	2.04723e-306	-0.510562
0.359	2.04723e-306	-0.510522
0.36	2.04723e-306	-0.510482
0.361	2.04723e-306	-0.510443
0.362	2.04723e-306	-0.510403
0.363	2.04723e-306	-0.510363
0.364	2.04723e-306	-0.510323
0.365	2.04723e-306	-0.510283
0.366	2.04723e-306	-0.510244
0.367	2.04723e-306	-0.510204
0.368	2.04723e-306	-0.510164
0.369	2.04723e-306	-0.510124
0.37	2.04723e-306	-0.510084
0.371	2.04723e-306	-0.510044
0.372	2.04723e-306	-0.510004
0.373	2.04723e-306	-0.509965
0.374	2.04723e-306	-0.509925
0.375	2.04723e-306	-0.509885
0.376	2.04723e-306	-0.509845
0.377	2.04723e-306	-0.509805
0.378	2.04723e-306	-0.509765
0.379	2.04723e-306	-0.509724
0.38	2.04723e-306	-0.509685
0.381	2.04723e-306	-0.509645
0.382	2.04723e-306	-0.509604
0.383	2.04723e-306	-0.509564
0.384	2.04723e-306	-0.509524
0.385	2.04723e-306	-0.509484
0.386	2.04723e-306	-0.509444
0.387	2.04723e-306	-0.509403
0.388	2.04723e-306	-0.509363
0.389	2.04723e-306	-0.509323
0.39	2.04723e-306	-0.509283
0.391	2.04723e-306	-0.509242
0.392	2.04723e-306	-0.509202
0.393	2.04723e-306	-0.509162
0.394	2.04723e-306	-0.509122
0.395	2.04723e-306	-0.509081
0.396	2.04723e-306	-0.509041
0.397	2.04723e-306	-0.509
0.398	2.04723e-306	-0.50896
0.399	2.04723e-306	-0.50892
0.4	2.04723e-306	-0.508879
0.401	2.04723e-306	-0.508839
0.402	2.04723e-306	-0.508799
0.403	2.04723e-306	-0.508758
0.404	2.04723e-306	-0.508718
0.405	2.04723e-306	-0.508677
0.406	2.04723e-306	-0.508637
0.407	2.04723e-306	-0.508596
0.408	2.04723e-306	-0.508556
0.409	2.04723e-306	-0.508515
0.41	2.04723e-306	-0.508474
0.411	2.04723e-306	-0.508433
0.412	2.04723e-306	-0.508393
0.413	2.04723e-306	-0.508352
0.414	2.04723e-306	-0.508311
0.415	2.04723e-306	-0.50827
0.416	2.04723e-306	-0.50823
0.417	2.04723e-306	-0.508189
0.418	2.04723e-306	-0.508148
0.419	2.04723e-306	-0.508107
0.42	2.04723e-306	-0.508067
0.421	2.04723e-306	-0.508026
0.422	2.04723e-306	-0.507985
0.423	2.04723e-306	-0.507944
0.424	2.04723e-306	-0.507903
0.425	2.04723e-306	-0.507863
0.426	2.04723e-306	-0.507822
0.427	2.04723e-306	-0.507781
0.428	2.04723e-306	-0.50774
0.429	2.04723e-306	-0.507699
0.43	2.04723e-306	-0.507658
0.431	2.04723e-306	-0.507617
0.432	2.04723e-306	-0.507576
0.433	2.04723e-306	-0.507535
0.434	2.04723e-306	-0.507494
0.435	2.04723e-306	-0.507453
0.436	2.04723e-306	-0.507412
0.437	2.04723e-306	-0.507371
0.438	2.04723e-306	-0.50733
0.439	2.04723e-306	-0.507289
0.44	2.04723e-306	-0.507247
0.441	2.04723e-306	-0.507206
0.442	2.04723e-306	-0.507165
0.443	2.04723e-306	-0.507124
0.444	2.04723e-306	-0.507082
0.445	2.04723e-306	-0.507041
0.446	2.04723e-306	-0.507
0.447	2.04723e-306	-0.506959
0.448	2.04723e-306	-0.506917
0.449	2.04723e-306	-0.506876
0.45	2.04723e-306	-0.506835
0.451	2.04723e-306	-0.506794
0.452	2.04723e-306	-0.506752
0.453	2.04723e-306	-0.506711
0.454	2.04723e-306	-0.50667
0.455	2.04723e-306	-0.506628
0.456	2.04723e-306	-0.506587
0.457	2.04723e-306	-0.506545
0.458	2.04723e-306	-0.506504
0.459	2.04723e-306	-0.506463
0.46	2.04723e-306	-0.506421
0.461	2.04723e-306	-0.50638
0.462	2.04723e-306	-0.506338
0.463	2.04723e-306	-0.506297
0.464	2.04723e-306	-0.506255
0.465	2.04723e-306	-0.506213
0.466	2.04723e-306	-0.506172
0.467	2.04723e-306	-0.50613
0.468	2.04723e-306	-0.506088
0.469	2.04723e-306	-0.506047
0.47	2.04723e-306	-0.506005
0.471	2.04723e-306	-0.505963
0.472	2.04723e-306	-0.505921
0.473	2.04723e-306	-0.50588
0.474	2.04723e-306	-0.505838
0.475	2.04723e-306	-0.505796
0.476	2.04723e-306	-0.505755
0.477	2.04723e-306	-0.505713
0.478	2.04723e-306	-0.505671
0.479	2.04723e-306	-0.505629
0.48	2.04723e-306	-0.505587
0.481	2.04723e-306	-0.505546
0.482	2.04723e-306	-0.505504
0.483	2.04723e-306	-0.505462
0.484	2.04723e-306	-0.50542
0.485	2.04723e-306	-0.505378
0.486	2.04723e-306	-0.505336
0.487	2.04723e-306	-0.505294
0.488	2.04723e-306	-0.505252
0.489	2.04723e-306	-0.505211
0.49	2.04723e-306	-0.505168
0.491	2.04723e-306	-0.505126
0.492	2.04723e-306	-0.505084
0.493	2.04723e-306	-0.505042
0.494	2.04723e-306	-0.505
0.495	2.04723e-306	-0.504958
0.496	2.04723e-306	-0.504916
0.497	2.04723e-306	-0.504874
0.498	2.04723e-306	-0.504831
0.499	2.04723e-306	-0.504789
0.5	2.04723e-306	-0.504747
0.501	2.04723e-306	-0.504705
0.502	2.04723e-306	-0.504663
0.503	2.04723e-306	-0.504621
0.504	2.04723e-306	-0.504578
0.505	2.04723e-306	-0.504536
0.506	2.04723e-306	-0.504494
0.507	2.04723e-306	-0.504452
0.508	2.04723e-306	-0.504409
0.509	2.04723e-306	-0.504367
0.51	2.04723e-306	-0.504325
0.511	2.04723e-306	-0.504283
0.512	2.04723e-306	-0.50424
0.513	2.04723e-306	-0.504198
0.514	2.04723e-306	-0.504156
0.515	2.04723e-306	-0.504113
0.516	2.04723e-306	-0.504071
0.517	2.04723e-306	-0.504028
0.518	2.04723e-306	-0.503986
0.519	2.04723e-306	-0.503943
0.52	2.04723e-306	-0.503901
0.521	2.04723e-306	-0.503858
0.522	2.04723e-306	-0.503816
0.523	2.04723e-306	-0.503773
0.524	2.04723e-306	-0.503731
0.525	2.04723e-306	-0.503688
0.526	2.04723e-306	-0.503645
0.527	2.04723e-306	-0.503603
0.528	2.04723e-306	-0.50356
0.529	2.04723e-306	-0.503517
0.53	2.04723e-306	-0.503475
0.531	2.04723e-306	-0.503432
0.532	2.04723e-306	-0.503389
0.533	2.04723e-306	-0.503346
0.534	2.04723e-306	-0.503304
0.535	2.04723e-306	-0.503261
0.536	2.04723e-306	-0.503218
0.537	2.04723e-306	-0.503175
0.538	2.04723e-306	-0.503133
0.539	2.04723e-306	-0.50309
0.54	2.04723e-306	-0.503047
0.541	2.04723e-306	-0.503004
0.542	2.04723e-306	-0.502961
0.543	2.04723e-306	-0.502919
0.544	2.04723e-306	-0.502875
0.545	2.04723e-306	-0.502833
0.546	2.04723e-306	-0.50279
0.547	2.04723e-306	-0.502747
0.548	2.04723e-306	-0.502704
0.549	2.04723e-306	-0.502661
0.55	2.04723e-306	-0.502617
0.551	2.04723e-306	-0.502574
0.552	2.04723e-306	-0.502531
0.553	2.04723e-306	-0.502488
0.554	2.04723e-306	-0.502445
0.555	2.04723e-306	-0.502402
0.556	2.04723e-306	-0.502359
0.557	2.04723e-306	-0.502316
0.558	2.04723e-306	-0.502272
0.559	2.04723e-306	-0.502229
0.56	2.04723e-306	-0.502186
0.561	2.04723e-306	-0.502143
0.562	2.04723e-306	-0.5021
0.563	2.04723e-306	-0.502057
0.564	2.04723e-306	-0.502014
0.565	2.04723e-306	-0.50197
0.566	2.04723e-306	-0.501927
0.567	2.04723e-306	-0.501884
0.568	2.04723e-306	-0.501841
0.569	2.04723e-306	-0.501798
0.57	2.04723e-306	-0.501754
0.571	2.04723e-306	-0.501711
0.572	2.04723e-306	-0.501667
0.573	2.04723e-306	-0.501624
0.574	2.04723e-306	-0.501581
0.575	2.04723e-306	-0.501537
0.576	2.04723e-306	-0.501494
0.577	2.04723e-306	-0.50145
0.578	2.04723e-306	-0.501407
0.579	2.04723e-306	-0.501363
0.58	2.04723e-306	-0.50132
0.581	2.04723e-306	-0.501276
0.582	2.04723e-306	-0.501232
0.583	2.04723e-306	-0.501189
0.584	2.04723e-306	-0.501145
0.585	2.04723e-306	-0.501101
0.586	2.04723e-306	-0.501058
0.587	2.04723e-306	-0.501014
0.588	2.04723e-306	-0.50097
0.589	2.04723e-306	-0.500927
0.59	2.04723e-306	-0.500883
0.591	2.04723e-306	-0.50084
0.592	2.04723e-306	-0.500796
0.593	2.04723e-306	-0.500752
0.594	2.04723e-306	-0.500708
0.595	2.04723e-306	-0.500665
0.596	2.04723e-306	-0.500621
0.597	2.04723e-306	-0.500577
0.598	2.04723e-306	-0.500533
0.599	2.04723e-306	-0.50049
0.6	2.04723e-306	-0.500446
0.601	2.04723e-306	-0.500402
0.602	2.04723e-306	-0.500358
0.603	2.04723e-306	-0.500314
0.604	2.04723e-306	-0.50027
0.605	2.04723e-306	-0.500226
0.606	2.04723e-306	-0.500182
0.607	2.04723e-306	-0.500138
0.608	2.04723e-306	-0.500094
0.609	2.04723e-306	-0.50005
0.61	2.04723e-306	-0.500006
0.611	2.04723e-306	-0.499962
0.612	2.04723e-306	-0.499918
0.613	2.04723e-306	-0.499874
0.614	2.04723e-306	-0.49983
0.615	2.04723e-306	-0.499786
0.616	2.04723e-306	-0.499741
0.617	2.04723e-306	-0.499697
0.618	2.04723e-306	-0.499653
0.619	2.04723e-306	-0.499609
0.62	2.04723e-306	-0.499565
0.621	2.04723e-306	-0.499521
0.622	2.04723e-306	-0.499477
0.623	2.04723e-306	-0.499433
0.624	2.04723e-306	-0.499388
0.625	2.04723e-306	-0.499344
0.626	2.04723e-306	-0.4993
0.627	2.04723e-306	-0.499256
0.628	2.04723e-306	-0.499211
0.629	2.04723e-306	-0.499167
0.63	2.04723e-306	-0.499123
0.631	2.04723e-306	-0.499078
0.632	2.04723e-306	-0.499034
0.633	2.04723e-306	-0.498989
0.634	2.04723e-306	-0.498945
0.635	2.04723e-306	-0.4989
0.636	2.04723e-306	-0.498855
0.637	2.04723e-306	-0.498811
0.638	2.04723e-306	-0.498766
0.639	2.04723e-306	-0.498722
0.64	2.04723e-306	-0.498677
0.641	2.04723e-306	-0.498633
0.642	2.04723e-306	-0.498588
2.751	-1.5708	1.39234
